
SUMMARISING RUN PARAMETERS
==========================
Input filename: ./data_raw/A.1.fastq.gz
Trimming mode: paired-end
Trim Galore version: 0.4.2
Cutadapt version: 1.11
Quality Phred score cutoff: 20
Quality encoding type selected: ASCII+33
Adapter sequence: 'AGATCGGAAGAGC' (Illumina TruSeq, Sanger iPCR; auto-detected)
Maximum trimming error rate: 0.1 (default)
Minimum required adapter overlap (stringency): 1 bp
Minimum required sequence length for both reads before a sequence pair gets removed: 20 bp
Length cut-off for read 1: 35 bp (default)
Length cut-off for read 2: 35 bp (default)
Output file will be GZIP compressed


This is cutadapt 1.11 with Python 2.7.12
Command line parameters: -f fastq -e 0.1 -q 20 -O 1 -a AGATCGGAAGAGC ./data_raw/A.1.fastq.gz
Trimming 1 adapter with at most 10.0% errors in single-end mode ...
Finished in 636.67 s (45 us/read; 1.34 M reads/minute).

=== Summary ===

Total reads processed:              14,188,117
Reads with adapters:                 8,628,250 (60.8%)
Reads written (passing filters):    14,188,117 (100.0%)

Total basepairs processed: 2,128,217,550 bp
Quality-trimmed:             253,477,958 bp (11.9%)
Total written (filtered):  1,692,805,170 bp (79.5%)

=== Adapter 1 ===

Sequence: AGATCGGAAGAGC; Type: regular 3'; Length: 13; Trimmed: 8628250 times.

No. of allowed errors:
0-9 bp: 0; 10-13 bp: 1

Bases preceding removed adapters:
  A: 22.0%
  C: 31.8%
  G: 26.7%
  T: 17.6%
  none/other: 1.9%

Overview of removed sequences
length	count	expect	max.err	error counts
1	2666963	3547029.2	0	2666963
2	605006	886757.3	0	605006
3	311682	221689.3	0	311682
4	134798	55422.3	0	134798
5	72606	13855.6	0	72606
6	50292	3463.9	0	50292
7	48711	866.0	0	48711
8	64828	216.5	0	64828
9	99184	54.1	0	99023 161
10	95939	13.5	1	84307 11632
11	106247	3.4	1	84026 22221
12	85523	0.8	1	70206 15317
13	81158	0.2	1	70892 10266
14	78835	0.2	1	63989 14846
15	81403	0.2	1	70671 10732
16	89525	0.2	1	66914 22611
17	81524	0.2	1	68177 13347
18	60023	0.2	1	52571 7452
19	75697	0.2	1	65817 9880
20	59296	0.2	1	50994 8302
21	79066	0.2	1	68810 10256
22	79735	0.2	1	70068 9667
23	80663	0.2	1	69340 11323
24	101759	0.2	1	83477 18282
25	84223	0.2	1	71089 13134
26	80033	0.2	1	66910 13123
27	82922	0.2	1	71978 10944
28	65102	0.2	1	57638 7464
29	96468	0.2	1	81894 14574
30	73598	0.2	1	64183 9415
31	89529	0.2	1	77979 11550
32	76518	0.2	1	67626 8892
33	84584	0.2	1	72100 12484
34	80748	0.2	1	70831 9917
35	72407	0.2	1	62513 9894
36	84060	0.2	1	71988 12072
37	106370	0.2	1	89740 16630
38	97434	0.2	1	82435 14999
39	122763	0.2	1	104111 18652
40	123222	0.2	1	106443 16779
41	149220	0.2	1	131133 18087
42	173180	0.2	1	152240 20940
43	179578	0.2	1	152779 26799
44	113773	0.2	1	98374 15399
45	41599	0.2	1	36175 5424
46	39153	0.2	1	33409 5744
47	38359	0.2	1	33533 4826
48	47016	0.2	1	42363 4653
49	61509	0.2	1	55386 6123
50	52497	0.2	1	45243 7254
51	77420	0.2	1	68109 9311
52	61777	0.2	1	55387 6390
53	47195	0.2	1	42136 5059
54	48056	0.2	1	43137 4919
55	55479	0.2	1	50264 5215
56	41616	0.2	1	37414 4202
57	25225	0.2	1	22504 2721
58	41401	0.2	1	37368 4033
59	54783	0.2	1	49349 5434
60	23684	0.2	1	21125 2559
61	32635	0.2	1	29275 3360
62	34911	0.2	1	31570 3341
63	18399	0.2	1	16432 1967
64	27163	0.2	1	24464 2699
65	32516	0.2	1	29294 3222
66	20593	0.2	1	18499 2094
67	22579	0.2	1	20212 2367
68	23651	0.2	1	21151 2500
69	22885	0.2	1	20149 2736
70	23225	0.2	1	20322 2903
71	27347	0.2	1	23499 3848
72	35890	0.2	1	30498 5392
73	38523	0.2	1	32407 6116
74	41479	0.2	1	33590 7889
75	33751	0.2	1	27278 6473
76	10168	0.2	1	7983 2185
77	1210	0.2	1	925 285
78	1457	0.2	1	1240 217
79	2636	0.2	1	2340 296
80	3640	0.2	1	3241 399
81	4351	0.2	1	3876 475
82	4527	0.2	1	4046 481
83	4630	0.2	1	4174 456
84	4540	0.2	1	4058 482
85	4221	0.2	1	3829 392
86	4120	0.2	1	3710 410
87	3824	0.2	1	3430 394
88	3650	0.2	1	3259 391
89	3383	0.2	1	3033 350
90	2999	0.2	1	2686 313
91	2670	0.2	1	2412 258
92	2432	0.2	1	2168 264
93	2001	0.2	1	1798 203
94	1775	0.2	1	1590 185
95	1672	0.2	1	1507 165
96	1560	0.2	1	1393 167
97	1538	0.2	1	1376 162
98	1451	0.2	1	1310 141
99	1272	0.2	1	1139 133
100	1196	0.2	1	1071 125
101	1048	0.2	1	941 107
102	861	0.2	1	784 77
103	688	0.2	1	625 63
104	642	0.2	1	570 72
105	593	0.2	1	523 70
106	482	0.2	1	428 54
107	525	0.2	1	448 77
108	436	0.2	1	380 56
109	461	0.2	1	412 49
110	402	0.2	1	356 46
111	411	0.2	1	364 47
112	326	0.2	1	294 32
113	319	0.2	1	279 40
114	271	0.2	1	242 29
115	286	0.2	1	250 36
116	296	0.2	1	254 42
117	292	0.2	1	264 28
118	246	0.2	1	209 37
119	272	0.2	1	248 24
120	235	0.2	1	203 32
121	211	0.2	1	182 29
122	202	0.2	1	181 21
123	229	0.2	1	197 32
124	188	0.2	1	170 18
125	191	0.2	1	169 22
126	207	0.2	1	179 28
127	139	0.2	1	114 25
128	112	0.2	1	93 19
129	84	0.2	1	64 20
130	68	0.2	1	56 12
131	90	0.2	1	70 20
132	58	0.2	1	41 17
133	96	0.2	1	86 10
134	105	0.2	1	93 12
135	89	0.2	1	82 7
136	43	0.2	1	38 5
137	44	0.2	1	36 8
138	72	0.2	1	69 3
139	58	0.2	1	50 8
140	99	0.2	1	91 8
141	78	0.2	1	68 10
142	67	0.2	1	54 13
143	57	0.2	1	52 5
144	67	0.2	1	63 4
145	251	0.2	1	243 8
146	188	0.2	1	179 9
147	54	0.2	1	50 4
148	282	0.2	1	206 76
149	48	0.2	1	37 11
150	20247	0.2	1	68 20179


RUN STATISTICS FOR INPUT FILE: ./data_raw/A.1.fastq.gz
=============================================
14188117 sequences processed in total

