
SUMMARISING RUN PARAMETERS
==========================
Input filename: ./data_raw/A.2.fastq.gz
Trimming mode: paired-end
Trim Galore version: 0.4.2
Cutadapt version: 1.11
Quality Phred score cutoff: 20
Quality encoding type selected: ASCII+33
Adapter sequence: 'AGATCGGAAGAGC' (Illumina TruSeq, Sanger iPCR; auto-detected)
Maximum trimming error rate: 0.1 (default)
Minimum required adapter overlap (stringency): 1 bp
Minimum required sequence length for both reads before a sequence pair gets removed: 20 bp
Length cut-off for read 1: 35 bp (default)
Length cut-off for read 2: 35 bp (default)
Output file will be GZIP compressed


This is cutadapt 1.11 with Python 2.7.12
Command line parameters: -f fastq -e 0.1 -q 20 -O 1 -a AGATCGGAAGAGC ./data_raw/A.2.fastq.gz
Trimming 1 adapter with at most 10.0% errors in single-end mode ...
Finished in 670.96 s (47 us/read; 1.27 M reads/minute).

=== Summary ===

Total reads processed:              14,188,117
Reads with adapters:                 7,543,028 (53.2%)
Reads written (passing filters):    14,188,117 (100.0%)

Total basepairs processed: 2,128,217,550 bp
Quality-trimmed:             630,200,205 bp (29.6%)
Total written (filtered):  1,369,806,672 bp (64.4%)

=== Adapter 1 ===

Sequence: AGATCGGAAGAGC; Type: regular 3'; Length: 13; Trimmed: 7543028 times.

No. of allowed errors:
0-9 bp: 0; 10-13 bp: 1

Bases preceding removed adapters:
  A: 27.4%
  C: 31.3%
  G: 27.2%
  T: 13.7%
  none/other: 0.5%

Overview of removed sequences
length	count	expect	max.err	error counts
1	2967731	3547029.2	0	2967731
2	560929	886757.3	0	560929
3	302409	221689.3	0	302409
4	112285	55422.3	0	112285
5	86881	13855.6	0	86881
6	41311	3463.9	0	41311
7	40726	866.0	0	40726
8	54764	216.5	0	54764
9	77704	54.1	0	77484 220
10	79336	13.5	1	69326 10010
11	68221	3.4	1	51710 16511
12	58245	0.8	1	46957 11288
13	65601	0.2	1	54075 11526
14	56142	0.2	1	48609 7533
15	52642	0.2	1	44516 8126
16	73882	0.2	1	60556 13326
17	74111	0.2	1	63614 10497
18	79164	0.2	1	68157 11007
19	65866	0.2	1	55639 10227
20	72102	0.2	1	63853 8249
21	43786	0.2	1	35462 8324
22	39125	0.2	1	35522 3603
23	44613	0.2	1	39966 4647
24	68735	0.2	1	61362 7373
25	50571	0.2	1	44482 6089
26	69475	0.2	1	59810 9665
27	110827	0.2	1	93618 17209
28	54591	0.2	1	48584 6007
29	101840	0.2	1	79810 22030
30	61493	0.2	1	54186 7307
31	77264	0.2	1	67487 9777
32	57474	0.2	1	50929 6545
33	74178	0.2	1	65473 8705
34	78371	0.2	1	67802 10569
35	57806	0.2	1	51765 6041
36	72945	0.2	1	65158 7787
37	57573	0.2	1	51042 6531
38	56618	0.2	1	50207 6411
39	60104	0.2	1	53330 6774
40	61318	0.2	1	54277 7041
41	55858	0.2	1	49998 5860
42	53793	0.2	1	49771 4022
43	55792	0.2	1	51282 4510
44	63877	0.2	1	59646 4231
45	64926	0.2	1	59324 5602
46	55983	0.2	1	50242 5741
47	50453	0.2	1	46897 3556
48	51413	0.2	1	45004 6409
49	49939	0.2	1	44514 5425
50	33642	0.2	1	30553 3089
51	37681	0.2	1	33835 3846
52	30389	0.2	1	27966 2423
53	35016	0.2	1	32937 2079
54	40578	0.2	1	38106 2472
55	33748	0.2	1	31452 2296
56	37577	0.2	1	35428 2149
57	48084	0.2	1	45295 2789
58	34919	0.2	1	32206 2713
59	26133	0.2	1	24515 1618
60	30568	0.2	1	28680 1888
61	22545	0.2	1	20889 1656
62	24586	0.2	1	22706 1880
63	29573	0.2	1	27674 1899
64	21457	0.2	1	19973 1484
65	18073	0.2	1	16631 1442
66	18598	0.2	1	17128 1470
67	13848	0.2	1	12969 879
68	18157	0.2	1	16403 1754
69	20442	0.2	1	19250 1192
70	21143	0.2	1	19539 1604
71	10186	0.2	1	9484 702
72	10410	0.2	1	9603 807
73	11507	0.2	1	10562 945
74	12561	0.2	1	11597 964
75	14657	0.2	1	13525 1132
76	19556	0.2	1	18230 1326
77	24352	0.2	1	22580 1772
78	20448	0.2	1	18225 2223
79	10121	0.2	1	8597 1524
80	4175	0.2	1	3326 849
81	747	0.2	1	582 165
82	462	0.2	1	416 46
83	697	0.2	1	654 43
84	1130	0.2	1	1069 61
85	1411	0.2	1	1333 78
86	1666	0.2	1	1595 71
87	1603	0.2	1	1522 81
88	1311	0.2	1	1235 76
89	1013	0.2	1	955 58
90	839	0.2	1	786 53
91	729	0.2	1	689 40
92	635	0.2	1	594 41
93	526	0.2	1	485 41
94	434	0.2	1	404 30
95	362	0.2	1	332 30
96	341	0.2	1	318 23
97	332	0.2	1	308 24
98	322	0.2	1	294 28
99	248	0.2	1	231 17
100	242	0.2	1	224 18
101	213	0.2	1	191 22
102	172	0.2	1	158 14
103	131	0.2	1	113 18
104	125	0.2	1	111 14
105	108	0.2	1	99 9
106	97	0.2	1	85 12
107	95	0.2	1	88 7
108	105	0.2	1	91 14
109	82	0.2	1	72 10
110	81	0.2	1	72 9
111	87	0.2	1	79 8
112	68	0.2	1	61 7
113	72	0.2	1	64 8
114	57	0.2	1	46 11
115	74	0.2	1	65 9
116	45	0.2	1	39 6
117	61	0.2	1	49 12
118	43	0.2	1	35 8
119	60	0.2	1	52 8
120	38	0.2	1	30 8
121	42	0.2	1	33 9
122	42	0.2	1	35 7
123	53	0.2	1	43 10
124	37	0.2	1	28 9
125	44	0.2	1	34 10
126	37	0.2	1	30 7
127	37	0.2	1	29 8
128	24	0.2	1	18 6
129	12	0.2	1	10 2
130	16	0.2	1	10 6
131	14	0.2	1	12 2
132	9	0.2	1	8 1
133	11	0.2	1	8 3
134	20	0.2	1	17 3
135	14	0.2	1	7 7
136	11	0.2	1	5 6
137	10	0.2	1	9 1
138	20	0.2	1	18 2
139	8	0.2	1	7 1
140	12	0.2	1	11 1
141	16	0.2	1	11 5
142	12	0.2	1	8 4
143	6	0.2	1	5 1
144	9	0.2	1	6 3
145	29	0.2	1	28 1
146	36	0.2	1	32 4
147	10	0.2	1	7 3
148	31	0.2	1	22 9
149	8	0.2	1	7 1
150	11	0.2	1	5 6


RUN STATISTICS FOR INPUT FILE: ./data_raw/A.2.fastq.gz
=============================================
14188117 sequences processed in total

Total number of sequences analysed for the sequence pair length validation: 14188117

Number of sequence pairs removed because at least one read was shorter than the length cutoff (20 bp): 2134426 (15.04%)
