
SUMMARISING RUN PARAMETERS
==========================
Input filename: ./data_raw/B.1.fastq.gz
Trimming mode: paired-end
Trim Galore version: 0.4.2
Cutadapt version: 1.11
Quality Phred score cutoff: 20
Quality encoding type selected: ASCII+33
Adapter sequence: 'AGATCGGAAGAGC' (Illumina TruSeq, Sanger iPCR; auto-detected)
Maximum trimming error rate: 0.1 (default)
Minimum required adapter overlap (stringency): 1 bp
Minimum required sequence length for both reads before a sequence pair gets removed: 20 bp
Length cut-off for read 1: 35 bp (default)
Length cut-off for read 2: 35 bp (default)
Output file will be GZIP compressed


This is cutadapt 1.11 with Python 2.7.12
Command line parameters: -f fastq -e 0.1 -q 20 -O 1 -a AGATCGGAAGAGC ./data_raw/B.1.fastq.gz
Trimming 1 adapter with at most 10.0% errors in single-end mode ...
Finished in 896.59 s (55 us/read; 1.09 M reads/minute).

=== Summary ===

Total reads processed:              16,254,289
Reads with adapters:                10,486,233 (64.5%)
Reads written (passing filters):    16,254,289 (100.0%)

Total basepairs processed: 2,438,143,350 bp
Quality-trimmed:              74,710,334 bp (3.1%)
Total written (filtered):  2,073,925,013 bp (85.1%)

=== Adapter 1 ===

Sequence: AGATCGGAAGAGC; Type: regular 3'; Length: 13; Trimmed: 10486233 times.

No. of allowed errors:
0-9 bp: 0; 10-13 bp: 1

Bases preceding removed adapters:
  A: 16.9%
  C: 35.4%
  G: 27.9%
  T: 18.0%
  none/other: 1.7%

Overview of removed sequences
length	count	expect	max.err	error counts
1	1978565	4063572.2	0	1978565
2	653063	1015893.1	0	653063
3	267703	253973.3	0	267703
4	138365	63493.3	0	138365
5	97760	15873.3	0	97760
6	82532	3968.3	0	82532
7	81449	992.1	0	81449
8	99119	248.0	0	99119
9	128210	62.0	0	128009 201
10	145240	15.5	1	132035 13205
11	99492	3.9	1	88900 10592
12	102884	1.0	1	92384 10500
13	128511	0.2	1	116300 12211
14	92023	0.2	1	82507 9516
15	132575	0.2	1	120288 12287
16	67024	0.2	1	59386 7638
17	109993	0.2	1	99427 10566
18	98917	0.2	1	90082 8835
19	116960	0.2	1	106554 10406
20	91860	0.2	1	83450 8410
21	122549	0.2	1	111181 11368
22	128616	0.2	1	116419 12197
23	121476	0.2	1	110238 11238
24	119226	0.2	1	107324 11902
25	117644	0.2	1	106988 10656
26	95636	0.2	1	86519 9117
27	124068	0.2	1	112463 11605
28	114532	0.2	1	104300 10232
29	122589	0.2	1	111179 11410
30	110206	0.2	1	100148 10058
31	136133	0.2	1	123373 12760
32	139608	0.2	1	126791 12817
33	107416	0.2	1	96731 10685
34	148463	0.2	1	135380 13083
35	82025	0.2	1	74646 7379
36	123245	0.2	1	111685 11560
37	136106	0.2	1	122314 13792
38	135123	0.2	1	121705 13418
39	179837	0.2	1	162002 17835
40	130655	0.2	1	118040 12615
41	182366	0.2	1	164673 17693
42	332861	0.2	1	301949 30912
43	329979	0.2	1	298674 31305
44	236578	0.2	1	213978 22600
45	116703	0.2	1	106548 10155
46	56607	0.2	1	51269 5338
47	47175	0.2	1	41445 5730
48	74799	0.2	1	68155 6644
49	129608	0.2	1	118781 10827
50	32997	0.2	1	29137 3860
51	141479	0.2	1	128587 12892
52	106109	0.2	1	96943 9166
53	62219	0.2	1	56443 5776
54	72579	0.2	1	66107 6472
55	121892	0.2	1	111304 10588
56	76202	0.2	1	69559 6643
57	18284	0.2	1	16542 1742
58	57833	0.2	1	52716 5117
59	122281	0.2	1	111698 10583
60	18446	0.2	1	16623 1823
61	51289	0.2	1	46897 4392
62	73851	0.2	1	67365 6486
63	15926	0.2	1	14492 1434
64	41196	0.2	1	37443 3753
65	66247	0.2	1	60354 5893
66	26486	0.2	1	23976 2510
67	31828	0.2	1	29025 2803
68	37500	0.2	1	34174 3326
69	34537	0.2	1	31305 3232
70	33862	0.2	1	30643 3219
71	35547	0.2	1	30902 4645
72	49389	0.2	1	40726 8663
73	63810	0.2	1	51448 12362
74	77993	0.2	1	58719 19274
75	54915	0.2	1	46864 8051
76	4791	0.2	1	4160 631
77	250	0.2	1	212 38
78	1491	0.2	1	1351 140
79	4436	0.2	1	4028 408
80	6952	0.2	1	6320 632
81	8389	0.2	1	7591 798
82	8972	0.2	1	8147 825
83	8954	0.2	1	8124 830
84	8937	0.2	1	8077 860
85	8678	0.2	1	7936 742
86	8268	0.2	1	7525 743
87	7741	0.2	1	7046 695
88	7248	0.2	1	6578 670
89	6629	0.2	1	6006 623
90	5923	0.2	1	5392 531
91	5324	0.2	1	4818 506
92	4779	0.2	1	4299 480
93	4013	0.2	1	3595 418
94	3521	0.2	1	3198 323
95	3301	0.2	1	2968 333
96	3118	0.2	1	2794 324
97	2881	0.2	1	2598 283
98	2860	0.2	1	2607 253
99	2533	0.2	1	2313 220
100	2241	0.2	1	2028 213
101	1838	0.2	1	1676 162
102	1685	0.2	1	1507 178
103	1295	0.2	1	1175 120
104	1167	0.2	1	1041 126
105	984	0.2	1	875 109
106	854	0.2	1	760 94
107	803	0.2	1	699 104
108	755	0.2	1	648 107
109	739	0.2	1	675 64
110	570	0.2	1	505 65
111	491	0.2	1	446 45
112	485	0.2	1	427 58
113	379	0.2	1	322 57
114	317	0.2	1	258 59
115	287	0.2	1	247 40
116	257	0.2	1	212 45
117	259	0.2	1	218 41
118	197	0.2	1	165 32
119	196	0.2	1	152 44
120	153	0.2	1	119 34
121	183	0.2	1	140 43
122	141	0.2	1	106 35
123	122	0.2	1	90 32
124	122	0.2	1	89 33
125	134	0.2	1	103 31
126	109	0.2	1	74 35
127	94	0.2	1	74 20
128	89	0.2	1	59 30
129	79	0.2	1	55 24
130	41	0.2	1	26 15
131	58	0.2	1	29 29
132	42	0.2	1	31 11
133	43	0.2	1	34 9
134	47	0.2	1	34 13
135	50	0.2	1	45 5
136	27	0.2	1	20 7
137	35	0.2	1	25 10
138	38	0.2	1	30 8
139	27	0.2	1	22 5
140	51	0.2	1	44 7
141	56	0.2	1	48 8
142	31	0.2	1	20 11
143	37	0.2	1	29 8
144	15	0.2	1	12 3
145	76	0.2	1	71 5
146	88	0.2	1	82 6
147	69	0.2	1	67 2
148	117	0.2	1	110 7
149	40	0.2	1	23 17
150	99460	0.2	1	36 99424


RUN STATISTICS FOR INPUT FILE: ./data_raw/B.1.fastq.gz
=============================================
16254289 sequences processed in total

