
SUMMARISING RUN PARAMETERS
==========================
Input filename: ./data_raw/B.2.fastq.gz
Trimming mode: paired-end
Trim Galore version: 0.4.2
Cutadapt version: 1.11
Quality Phred score cutoff: 20
Quality encoding type selected: ASCII+33
Adapter sequence: 'AGATCGGAAGAGC' (Illumina TruSeq, Sanger iPCR; auto-detected)
Maximum trimming error rate: 0.1 (default)
Minimum required adapter overlap (stringency): 1 bp
Minimum required sequence length for both reads before a sequence pair gets removed: 20 bp
Length cut-off for read 1: 35 bp (default)
Length cut-off for read 2: 35 bp (default)
Output file will be GZIP compressed


This is cutadapt 1.11 with Python 2.7.12
Command line parameters: -f fastq -e 0.1 -q 20 -O 1 -a AGATCGGAAGAGC ./data_raw/B.2.fastq.gz
Trimming 1 adapter with at most 10.0% errors in single-end mode ...
Finished in 790.68 s (49 us/read; 1.23 M reads/minute).

=== Summary ===

Total reads processed:              16,254,289
Reads with adapters:                 9,811,233 (60.4%)
Reads written (passing filters):    16,254,289 (100.0%)

Total basepairs processed: 2,438,143,350 bp
Quality-trimmed:             271,457,843 bp (11.1%)
Total written (filtered):  1,920,410,966 bp (78.8%)

=== Adapter 1 ===

Sequence: AGATCGGAAGAGC; Type: regular 3'; Length: 13; Trimmed: 9811233 times.

No. of allowed errors:
0-9 bp: 0; 10-13 bp: 1

Bases preceding removed adapters:
  A: 16.6%
  C: 37.0%
  G: 33.0%
  T: 13.1%
  none/other: 0.3%

Overview of removed sequences
length	count	expect	max.err	error counts
1	2125248	4063572.2	0	2125248
2	585165	1015893.1	0	585165
3	296179	253973.3	0	296179
4	124209	63493.3	0	124209
5	128464	15873.3	0	128464
6	74744	3968.3	0	74744
7	77165	992.1	0	77165
8	101458	248.0	0	101458
9	135993	62.0	0	135779 214
10	132267	15.5	1	125203 7064
11	80517	3.9	1	72355 8162
12	73620	1.0	1	67302 6318
13	103138	0.2	1	96406 6732
14	97735	0.2	1	91812 5923
15	86634	0.2	1	81813 4821
16	114599	0.2	1	106686 7913
17	124639	0.2	1	117205 7434
18	143430	0.2	1	135578 7852
19	112006	0.2	1	105497 6509
20	143033	0.2	1	136015 7018
21	65309	0.2	1	60467 4842
22	73831	0.2	1	70666 3165
23	86484	0.2	1	82459 4025
24	119964	0.2	1	114072 5892
25	104586	0.2	1	99251 5335
26	120649	0.2	1	113871 6778
27	185501	0.2	1	174541 10960
28	79516	0.2	1	75466 4050
29	146716	0.2	1	135302 11414
30	106613	0.2	1	101619 4994
31	148063	0.2	1	141241 6822
32	73100	0.2	1	69129 3971
33	166765	0.2	1	159847 6918
34	84398	0.2	1	78762 5636
35	83672	0.2	1	80370 3302
36	163941	0.2	1	158300 5641
37	100508	0.2	1	94290 6218
38	158796	0.2	1	152662 6134
39	88271	0.2	1	82052 6219
40	73907	0.2	1	70958 2949
41	122354	0.2	1	117730 4624
42	141137	0.2	1	136302 4835
43	121707	0.2	1	117219 4488
44	86562	0.2	1	82874 3688
45	183794	0.2	1	177424 6370
46	97898	0.2	1	93101 4797
47	126860	0.2	1	122966 3894
48	70972	0.2	1	66317 4655
49	140834	0.2	1	135662 5172
50	41339	0.2	1	39126 2213
51	96659	0.2	1	92977 3682
52	44814	0.2	1	42615 2199
53	76073	0.2	1	73689 2384
54	108226	0.2	1	105342 2884
55	71444	0.2	1	68828 2616
56	73813	0.2	1	71436 2377
57	120158	0.2	1	116995 3163
58	91990	0.2	1	88821 3169
59	38135	0.2	1	36433 1702
60	89406	0.2	1	87328 2078
61	40830	0.2	1	39156 1674
62	44866	0.2	1	42919 1947
63	75234	0.2	1	73243 1991
64	57633	0.2	1	55651 1982
65	25184	0.2	1	23856 1328
66	56523	0.2	1	54802 1721
67	13559	0.2	1	12959 600
68	39463	0.2	1	37801 1662
69	35631	0.2	1	34396 1235
70	70467	0.2	1	68491 1976
71	12163	0.2	1	11625 538
72	22078	0.2	1	21267 811
73	24281	0.2	1	23435 846
74	25168	0.2	1	24321 847
75	27531	0.2	1	26613 918
76	36836	0.2	1	35781 1055
77	62301	0.2	1	60529 1772
78	50449	0.2	1	48331 2118
79	14903	0.2	1	13736 1167
80	3104	0.2	1	2685 419
81	328	0.2	1	286 42
82	427	0.2	1	408 19
83	954	0.2	1	923 31
84	1921	0.2	1	1866 55
85	3032	0.2	1	2940 92
86	4013	0.2	1	3906 107
87	4193	0.2	1	4075 118
88	3591	0.2	1	3491 100
89	2758	0.2	1	2687 71
90	2335	0.2	1	2261 74
91	2008	0.2	1	1948 60
92	1772	0.2	1	1723 49
93	1376	0.2	1	1332 44
94	1143	0.2	1	1120 23
95	1033	0.2	1	991 42
96	952	0.2	1	912 40
97	820	0.2	1	783 37
98	760	0.2	1	735 25
99	659	0.2	1	630 29
100	595	0.2	1	570 25
101	374	0.2	1	361 13
102	346	0.2	1	331 15
103	273	0.2	1	258 15
104	252	0.2	1	236 16
105	232	0.2	1	218 14
106	174	0.2	1	157 17
107	168	0.2	1	161 7
108	131	0.2	1	116 15
109	135	0.2	1	125 10
110	115	0.2	1	102 13
111	88	0.2	1	82 6
112	106	0.2	1	90 16
113	86	0.2	1	74 12
114	66	0.2	1	57 9
115	66	0.2	1	55 11
116	55	0.2	1	38 17
117	60	0.2	1	48 12
118	50	0.2	1	41 9
119	48	0.2	1	34 14
120	56	0.2	1	37 19
121	60	0.2	1	39 21
122	45	0.2	1	36 9
123	31	0.2	1	23 8
124	37	0.2	1	25 12
125	46	0.2	1	26 20
126	40	0.2	1	28 12
127	31	0.2	1	24 7
128	18	0.2	1	12 6
129	17	0.2	1	8 9
130	14	0.2	1	9 5
131	14	0.2	1	7 7
132	4	0.2	1	2 2
133	9	0.2	1	5 4
134	12	0.2	1	9 3
135	10	0.2	1	7 3
136	2	0.2	1	2
137	9	0.2	1	7 2
138	3	0.2	1	2 1
139	6	0.2	1	4 2
140	7	0.2	1	5 2
141	8	0.2	1	7 1
142	3	0.2	1	0 3
143	2	0.2	1	2
144	2	0.2	1	1 1
145	7	0.2	1	5 2
146	9	0.2	1	9
147	6	0.2	1	3 3
148	10	0.2	1	9 1
149	1	0.2	1	1
150	7	0.2	1	5 2


RUN STATISTICS FOR INPUT FILE: ./data_raw/B.2.fastq.gz
=============================================
16254289 sequences processed in total

Total number of sequences analysed for the sequence pair length validation: 16254289

Number of sequence pairs removed because at least one read was shorter than the length cutoff (20 bp): 1260020 (7.75%)
