
SUMMARISING RUN PARAMETERS
==========================
Input filename: ./data_raw/C.1.fastq.gz
Trimming mode: paired-end
Trim Galore version: 0.4.2
Cutadapt version: 1.11
Quality Phred score cutoff: 20
Quality encoding type selected: ASCII+33
Adapter sequence: 'AGATCGGAAGAGC' (Illumina TruSeq, Sanger iPCR; auto-detected)
Maximum trimming error rate: 0.1 (default)
Minimum required adapter overlap (stringency): 1 bp
Minimum required sequence length for both reads before a sequence pair gets removed: 20 bp
Length cut-off for read 1: 35 bp (default)
Length cut-off for read 2: 35 bp (default)
Output file will be GZIP compressed


This is cutadapt 1.11 with Python 2.7.12
Command line parameters: -f fastq -e 0.1 -q 20 -O 1 -a AGATCGGAAGAGC ./data_raw/C.1.fastq.gz
Trimming 1 adapter with at most 10.0% errors in single-end mode ...
Finished in 1054.56 s (64 us/read; 0.93 M reads/minute).

=== Summary ===

Total reads processed:              16,358,360
Reads with adapters:                10,914,449 (66.7%)
Reads written (passing filters):    16,358,360 (100.0%)

Total basepairs processed: 2,453,754,000 bp
Quality-trimmed:              79,606,079 bp (3.2%)
Total written (filtered):  2,038,290,431 bp (83.1%)

=== Adapter 1 ===

Sequence: AGATCGGAAGAGC; Type: regular 3'; Length: 13; Trimmed: 10914449 times.

No. of allowed errors:
0-9 bp: 0; 10-13 bp: 1

Bases preceding removed adapters:
  A: 16.4%
  C: 33.1%
  G: 31.3%
  T: 17.5%
  none/other: 1.8%

Overview of removed sequences
length	count	expect	max.err	error counts
1	1882169	4089590.0	0	1882169
2	618657	1022397.5	0	618657
3	254382	255599.4	0	254382
4	129924	63899.8	0	129924
5	91715	15975.0	0	91715
6	77283	3993.7	0	77283
7	77285	998.4	0	77285
8	93062	249.6	0	93062
9	120536	62.4	0	120348 188
10	133017	15.6	1	122892 10125
11	91940	3.9	1	83320 8620
12	95569	1.0	1	87092 8477
13	119571	0.2	1	110216 9355
14	85299	0.2	1	77592 7707
15	122968	0.2	1	113600 9368
16	63586	0.2	1	57352 6234
17	102868	0.2	1	94366 8502
18	92985	0.2	1	86114 6871
19	109625	0.2	1	101428 8197
20	84072	0.2	1	77544 6528
21	113664	0.2	1	104980 8684
22	118845	0.2	1	109349 9496
23	113995	0.2	1	105028 8967
24	111795	0.2	1	102148 9647
25	110206	0.2	1	101647 8559
26	90789	0.2	1	83476 7313
27	117926	0.2	1	108764 9162
28	108135	0.2	1	100213 7922
29	117068	0.2	1	108105 8963
30	104500	0.2	1	96475 8025
31	130356	0.2	1	120261 10095
32	133647	0.2	1	123563 10084
33	102735	0.2	1	94134 8601
34	142944	0.2	1	132627 10317
35	80615	0.2	1	74559 6056
36	120994	0.2	1	111538 9456
37	136272	0.2	1	124444 11828
38	135868	0.2	1	124580 11288
39	183560	0.2	1	167986 15574
40	134835	0.2	1	123914 10921
41	194547	0.2	1	178787 15760
42	360335	0.2	1	333247 27088
43	381264	0.2	1	351944 29320
44	264392	0.2	1	244153 20239
45	137396	0.2	1	127727 9669
46	61182	0.2	1	56430 4752
47	50634	0.2	1	45333 5301
48	81547	0.2	1	75623 5924
49	142288	0.2	1	132686 9602
50	38069	0.2	1	34139 3930
51	160453	0.2	1	148874 11579
52	120156	0.2	1	111626 8530
53	70270	0.2	1	65058 5212
54	84532	0.2	1	78253 6279
55	145745	0.2	1	135632 10113
56	92590	0.2	1	86349 6241
57	22571	0.2	1	20761 1810
58	71816	0.2	1	66807 5009
59	156895	0.2	1	146560 10335
60	24213	0.2	1	22311 1902
61	68064	0.2	1	63514 4550
62	97873	0.2	1	91136 6737
63	20814	0.2	1	19273 1541
64	55648	0.2	1	51653 3995
65	92250	0.2	1	86079 6171
66	37666	0.2	1	34935 2731
67	45758	0.2	1	42627 3131
68	56122	0.2	1	52314 3808
69	52574	0.2	1	48732 3842
70	53046	0.2	1	49131 3915
71	56687	0.2	1	51343 5344
72	78549	0.2	1	68329 10220
73	102616	0.2	1	88565 14051
74	123519	0.2	1	101384 22135
75	91167	0.2	1	81353 9814
76	7826	0.2	1	7012 814
77	364	0.2	1	312 52
78	2403	0.2	1	2220 183
79	7821	0.2	1	7259 562
80	12712	0.2	1	11802 910
81	15096	0.2	1	14027 1069
82	16343	0.2	1	15225 1118
83	16801	0.2	1	15599 1202
84	16379	0.2	1	15198 1181
85	15633	0.2	1	14529 1104
86	15339	0.2	1	14261 1078
87	14032	0.2	1	12993 1039
88	12997	0.2	1	12118 879
89	12001	0.2	1	11185 816
90	10813	0.2	1	10105 708
91	9797	0.2	1	9110 687
92	8533	0.2	1	7972 561
93	7345	0.2	1	6807 538
94	6459	0.2	1	5987 472
95	5889	0.2	1	5435 454
96	5521	0.2	1	5117 404
97	5261	0.2	1	4897 364
98	4767	0.2	1	4436 331
99	4236	0.2	1	3925 311
100	3650	0.2	1	3385 265
101	3198	0.2	1	2980 218
102	2689	0.2	1	2504 185
103	2308	0.2	1	2140 168
104	1850	0.2	1	1717 133
105	1549	0.2	1	1425 124
106	1393	0.2	1	1271 122
107	1288	0.2	1	1168 120
108	1186	0.2	1	1080 106
109	1056	0.2	1	983 73
110	915	0.2	1	850 65
111	775	0.2	1	713 62
112	552	0.2	1	502 50
113	575	0.2	1	515 60
114	363	0.2	1	332 31
115	338	0.2	1	307 31
116	266	0.2	1	229 37
117	255	0.2	1	227 28
118	203	0.2	1	179 24
119	202	0.2	1	162 40
120	173	0.2	1	148 25
121	173	0.2	1	138 35
122	107	0.2	1	81 26
123	116	0.2	1	85 31
124	95	0.2	1	73 22
125	108	0.2	1	85 23
126	107	0.2	1	78 29
127	96	0.2	1	68 28
128	60	0.2	1	45 15
129	71	0.2	1	52 19
130	49	0.2	1	33 16
131	71	0.2	1	50 21
132	36	0.2	1	32 4
133	62	0.2	1	50 12
134	54	0.2	1	49 5
135	52	0.2	1	45 7
136	30	0.2	1	22 8
137	41	0.2	1	35 6
138	34	0.2	1	31 3
139	22	0.2	1	19 3
140	30	0.2	1	24 6
141	69	0.2	1	65 4
142	33	0.2	1	14 19
143	38	0.2	1	35 3
144	24	0.2	1	22 2
145	100	0.2	1	94 6
146	121	0.2	1	118 3
147	73	0.2	1	68 5
148	220	0.2	1	218 2
149	47	0.2	1	37 10
150	104648	0.2	1	31 104617


RUN STATISTICS FOR INPUT FILE: ./data_raw/C.1.fastq.gz
=============================================
16358360 sequences processed in total

