
SUMMARISING RUN PARAMETERS
==========================
Input filename: ./data_raw/C.2.fastq.gz
Trimming mode: paired-end
Trim Galore version: 0.4.2
Cutadapt version: 1.11
Quality Phred score cutoff: 20
Quality encoding type selected: ASCII+33
Adapter sequence: 'AGATCGGAAGAGC' (Illumina TruSeq, Sanger iPCR; auto-detected)
Maximum trimming error rate: 0.1 (default)
Minimum required adapter overlap (stringency): 1 bp
Minimum required sequence length for both reads before a sequence pair gets removed: 20 bp
Length cut-off for read 1: 35 bp (default)
Length cut-off for read 2: 35 bp (default)
Output file will be GZIP compressed


This is cutadapt 1.11 with Python 2.7.12
Command line parameters: -f fastq -e 0.1 -q 20 -O 1 -a AGATCGGAAGAGC ./data_raw/C.2.fastq.gz
Trimming 1 adapter with at most 10.0% errors in single-end mode ...
Finished in 743.46 s (45 us/read; 1.32 M reads/minute).

=== Summary ===

Total reads processed:              16,358,360
Reads with adapters:                10,349,246 (63.3%)
Reads written (passing filters):    16,358,360 (100.0%)

Total basepairs processed: 2,453,754,000 bp
Quality-trimmed:             247,914,555 bp (10.1%)
Total written (filtered):  1,914,394,565 bp (78.0%)

=== Adapter 1 ===

Sequence: AGATCGGAAGAGC; Type: regular 3'; Length: 13; Trimmed: 10349246 times.

No. of allowed errors:
0-9 bp: 0; 10-13 bp: 1

Bases preceding removed adapters:
  A: 16.2%
  C: 33.9%
  G: 37.1%
  T: 12.6%
  none/other: 0.2%

Overview of removed sequences
length	count	expect	max.err	error counts
1	2053898	4089590.0	0	2053898
2	555799	1022397.5	0	555799
3	291723	255599.4	0	291723
4	120342	63899.8	0	120342
5	122318	15975.0	0	122318
6	70782	3993.7	0	70782
7	73319	998.4	0	73319
8	94631	249.6	0	94631
9	128197	62.4	0	128004 193
10	122065	15.6	1	115850 6215
11	78022	3.9	1	70115 7907
12	69366	1.0	1	63325 6041
13	98497	0.2	1	92209 6288
14	91455	0.2	1	86245 5210
15	82251	0.2	1	77780 4471
16	110735	0.2	1	103258 7477
17	118978	0.2	1	111989 6989
18	138512	0.2	1	131366 7146
19	104683	0.2	1	98686 5997
20	137126	0.2	1	130994 6132
21	63956	0.2	1	59206 4750
22	69026	0.2	1	66276 2750
23	82250	0.2	1	78750 3500
24	113979	0.2	1	108587 5392
25	101565	0.2	1	96665 4900
26	117634	0.2	1	111163 6471
27	188832	0.2	1	177834 10998
28	77842	0.2	1	73945 3897
29	151579	0.2	1	139698 11881
30	101941	0.2	1	97188 4753
31	150601	0.2	1	144146 6455
32	68731	0.2	1	64858 3873
33	160324	0.2	1	154216 6108
34	123214	0.2	1	114403 8811
35	121642	0.2	1	117012 4630
36	279871	0.2	1	270922 8949
37	109383	0.2	1	104262 5121
38	123919	0.2	1	119357 4562
39	80453	0.2	1	75360 5093
40	153656	0.2	1	148604 5052
41	82690	0.2	1	77727 4963
42	50545	0.2	1	48357 2188
43	139136	0.2	1	135022 4114
44	60423	0.2	1	58022 2401
45	199029	0.2	1	193568 5461
46	116089	0.2	1	111183 4906
47	105155	0.2	1	102262 2893
48	91988	0.2	1	87047 4941
49	161778	0.2	1	156720 5058
50	44025	0.2	1	41870 2155
51	115006	0.2	1	111388 3618
52	45787	0.2	1	43860 1927
53	77609	0.2	1	75642 1967
54	119593	0.2	1	116992 2601
55	90262	0.2	1	87602 2660
56	82836	0.2	1	80570 2266
57	141344	0.2	1	138262 3082
58	126011	0.2	1	122566 3445
59	45785	0.2	1	44178 1607
60	113181	0.2	1	110959 2222
61	53860	0.2	1	52091 1769
62	69124	0.2	1	66825 2299
63	103455	0.2	1	101219 2236
64	77132	0.2	1	75014 2118
65	35264	0.2	1	33713 1551
66	83780	0.2	1	81714 2066
67	17535	0.2	1	16749 786
68	64964	0.2	1	62748 2216
69	53264	0.2	1	51695 1569
70	121489	0.2	1	118764 2725
71	18551	0.2	1	17893 658
72	34498	0.2	1	33430 1068
73	39629	0.2	1	38440 1189
74	41318	0.2	1	40134 1184
75	44960	0.2	1	43645 1315
76	60023	0.2	1	58503 1520
77	108763	0.2	1	106364 2399
78	101312	0.2	1	98058 3254
79	33072	0.2	1	31158 1914
80	7317	0.2	1	6526 791
81	641	0.2	1	553 88
82	790	0.2	1	762 28
83	1835	0.2	1	1778 57
84	3435	0.2	1	3375 60
85	5421	0.2	1	5325 96
86	7231	0.2	1	7098 133
87	7788	0.2	1	7652 136
88	6909	0.2	1	6736 173
89	5114	0.2	1	4982 132
90	4329	0.2	1	4256 73
91	3797	0.2	1	3704 93
92	3171	0.2	1	3097 74
93	2545	0.2	1	2468 77
94	2168	0.2	1	2122 46
95	1863	0.2	1	1800 63
96	1638	0.2	1	1584 54
97	1522	0.2	1	1483 39
98	1321	0.2	1	1285 36
99	1202	0.2	1	1169 33
100	923	0.2	1	891 32
101	780	0.2	1	758 22
102	582	0.2	1	561 21
103	513	0.2	1	498 15
104	382	0.2	1	370 12
105	304	0.2	1	293 11
106	263	0.2	1	253 10
107	247	0.2	1	233 14
108	229	0.2	1	218 11
109	195	0.2	1	185 10
110	173	0.2	1	164 9
111	142	0.2	1	130 12
112	125	0.2	1	115 10
113	103	0.2	1	97 6
114	80	0.2	1	69 11
115	76	0.2	1	61 15
116	60	0.2	1	47 13
117	62	0.2	1	51 11
118	50	0.2	1	39 11
119	49	0.2	1	39 10
120	48	0.2	1	44 4
121	44	0.2	1	34 10
122	38	0.2	1	29 9
123	45	0.2	1	26 19
124	35	0.2	1	25 10
125	42	0.2	1	31 11
126	27	0.2	1	16 11
127	16	0.2	1	11 5
128	18	0.2	1	13 5
129	8	0.2	1	4 4
130	12	0.2	1	6 6
131	20	0.2	1	9 11
132	10	0.2	1	7 3
133	14	0.2	1	10 4
134	10	0.2	1	7 3
135	14	0.2	1	12 2
136	6	0.2	1	2 4
137	4	0.2	1	4
138	1	0.2	1	0 1
139	9	0.2	1	5 4
140	7	0.2	1	6 1
141	8	0.2	1	7 1
142	3	0.2	1	0 3
143	2	0.2	1	2
144	3	0.2	1	3
145	7	0.2	1	5 2
146	16	0.2	1	16
147	12	0.2	1	10 2
148	19	0.2	1	19
149	8	0.2	1	7 1
150	3	0.2	1	3


RUN STATISTICS FOR INPUT FILE: ./data_raw/C.2.fastq.gz
=============================================
16358360 sequences processed in total

Total number of sequences analysed for the sequence pair length validation: 16358360

Number of sequence pairs removed because at least one read was shorter than the length cutoff (20 bp): 1071921 (6.55%)
