
SUMMARISING RUN PARAMETERS
==========================
Input filename: ./data_raw/D.1.fastq.gz
Trimming mode: paired-end
Trim Galore version: 0.4.2
Cutadapt version: 1.11
Quality Phred score cutoff: 20
Quality encoding type selected: ASCII+33
Adapter sequence: 'AGATCGGAAGAGC' (Illumina TruSeq, Sanger iPCR; auto-detected)
Maximum trimming error rate: 0.1 (default)
Minimum required adapter overlap (stringency): 1 bp
Minimum required sequence length for both reads before a sequence pair gets removed: 20 bp
Length cut-off for read 1: 35 bp (default)
Length cut-off for read 2: 35 bp (default)
Output file will be GZIP compressed


This is cutadapt 1.11 with Python 2.7.12
Command line parameters: -f fastq -e 0.1 -q 20 -O 1 -a AGATCGGAAGAGC ./data_raw/D.1.fastq.gz
Trimming 1 adapter with at most 10.0% errors in single-end mode ...
Finished in 696.60 s (45 us/read; 1.35 M reads/minute).

=== Summary ===

Total reads processed:              15,648,595
Reads with adapters:                 9,992,904 (63.9%)
Reads written (passing filters):    15,648,595 (100.0%)

Total basepairs processed: 2,347,289,250 bp
Quality-trimmed:              72,274,093 bp (3.1%)
Total written (filtered):  2,004,795,928 bp (85.4%)

=== Adapter 1 ===

Sequence: AGATCGGAAGAGC; Type: regular 3'; Length: 13; Trimmed: 9992904 times.

No. of allowed errors:
0-9 bp: 0; 10-13 bp: 1

Bases preceding removed adapters:
  A: 17.4%
  C: 33.6%
  G: 30.5%
  T: 17.1%
  none/other: 1.4%

Overview of removed sequences
length	count	expect	max.err	error counts
1	1917808	3912148.8	0	1917808
2	654052	978037.2	0	654052
3	269711	244509.3	0	269711
4	133288	61127.3	0	133288
5	94313	15281.8	0	94313
6	79097	3820.5	0	79097
7	79689	955.1	0	79689
8	95827	238.8	0	95827
9	126212	59.7	0	126028 184
10	135593	14.9	1	126856 8737
11	94961	3.7	1	87140 7821
12	97128	0.9	1	89412 7716
13	121672	0.2	1	113405 8267
14	87618	0.2	1	80887 6731
15	124232	0.2	1	116223 8009
16	63101	0.2	1	57396 5705
17	104914	0.2	1	97670 7244
18	93021	0.2	1	87155 5866
19	110161	0.2	1	103188 6973
20	86621	0.2	1	80776 5845
21	115613	0.2	1	107988 7625
22	119995	0.2	1	111888 8107
23	114083	0.2	1	106606 7477
24	112129	0.2	1	103836 8293
25	110972	0.2	1	103748 7224
26	90937	0.2	1	84645 6292
27	117853	0.2	1	110336 7517
28	107524	0.2	1	100843 6681
29	116948	0.2	1	109085 7863
30	104389	0.2	1	97752 6637
31	129284	0.2	1	120683 8601
32	132274	0.2	1	123842 8432
33	101043	0.2	1	93860 7183
34	141629	0.2	1	133033 8596
35	77511	0.2	1	72561 4950
36	116163	0.2	1	108640 7523
37	129018	0.2	1	119626 9392
38	127685	0.2	1	118595 9090
39	169673	0.2	1	157559 12114
40	124356	0.2	1	115765 8591
41	172583	0.2	1	160860 11723
42	312920	0.2	1	293110 19810
43	315272	0.2	1	294615 20657
44	227713	0.2	1	212996 14717
45	110887	0.2	1	104338 6549
46	53724	0.2	1	50241 3483
47	44916	0.2	1	40974 3942
48	69769	0.2	1	65578 4191
49	121594	0.2	1	114761 6833
50	31592	0.2	1	28774 2818
51	131836	0.2	1	123855 7981
52	97976	0.2	1	92039 5937
53	58568	0.2	1	54873 3695
54	68197	0.2	1	63945 4252
55	111773	0.2	1	105210 6563
56	70556	0.2	1	66559 3997
57	17179	0.2	1	15988 1191
58	54213	0.2	1	51009 3204
59	114202	0.2	1	107949 6253
60	17600	0.2	1	16406 1194
61	48332	0.2	1	45581 2751
62	67407	0.2	1	63522 3885
63	14715	0.2	1	13749 966
64	38350	0.2	1	36059 2291
65	61671	0.2	1	58017 3654
66	24256	0.2	1	22736 1520
67	29347	0.2	1	27645 1702
68	35545	0.2	1	33519 2026
69	31974	0.2	1	29930 2044
70	31601	0.2	1	29565 2036
71	33406	0.2	1	30305 3101
72	45005	0.2	1	38891 6114
73	58183	0.2	1	49561 8622
74	72105	0.2	1	57935 14170
75	51744	0.2	1	46181 5563
76	4519	0.2	1	4087 432
77	240	0.2	1	213 27
78	1301	0.2	1	1207 94
79	4069	0.2	1	3809 260
80	6570	0.2	1	6194 376
81	7801	0.2	1	7322 479
82	8413	0.2	1	7910 503
83	8755	0.2	1	8260 495
84	8403	0.2	1	7878 525
85	8088	0.2	1	7620 468
86	7828	0.2	1	7351 477
87	7491	0.2	1	7024 467
88	6937	0.2	1	6524 413
89	6419	0.2	1	6060 359
90	5776	0.2	1	5404 372
91	5253	0.2	1	4959 294
92	4644	0.2	1	4359 285
93	3905	0.2	1	3619 286
94	3502	0.2	1	3315 187
95	3311	0.2	1	3100 211
96	3107	0.2	1	2913 194
97	2849	0.2	1	2639 210
98	2705	0.2	1	2535 170
99	2452	0.2	1	2282 170
100	2221	0.2	1	2078 143
101	1902	0.2	1	1781 121
102	1519	0.2	1	1414 105
103	1396	0.2	1	1317 79
104	1132	0.2	1	1050 82
105	948	0.2	1	863 85
106	920	0.2	1	846 74
107	815	0.2	1	747 68
108	747	0.2	1	685 62
109	697	0.2	1	619 78
110	623	0.2	1	566 57
111	488	0.2	1	432 56
112	423	0.2	1	388 35
113	364	0.2	1	316 48
114	289	0.2	1	255 34
115	278	0.2	1	238 40
116	212	0.2	1	176 36
117	206	0.2	1	169 37
118	172	0.2	1	143 29
119	195	0.2	1	166 29
120	140	0.2	1	116 24
121	202	0.2	1	168 34
122	138	0.2	1	109 29
123	153	0.2	1	107 46
124	119	0.2	1	83 36
125	145	0.2	1	103 42
126	121	0.2	1	88 33
127	85	0.2	1	60 25
128	81	0.2	1	59 22
129	69	0.2	1	44 25
130	62	0.2	1	42 20
131	62	0.2	1	38 24
132	38	0.2	1	25 13
133	61	0.2	1	55 6
134	40	0.2	1	33 7
135	39	0.2	1	35 4
136	22	0.2	1	19 3
137	30	0.2	1	22 8
138	17	0.2	1	12 5
139	24	0.2	1	17 7
140	27	0.2	1	22 5
141	48	0.2	1	44 4
142	28	0.2	1	17 11
143	27	0.2	1	22 5
144	18	0.2	1	17 1
145	65	0.2	1	63 2
146	74	0.2	1	69 5
147	50	0.2	1	47 3
148	99	0.2	1	94 5
149	28	0.2	1	23 5
150	76098	0.2	1	50 76048


RUN STATISTICS FOR INPUT FILE: ./data_raw/D.1.fastq.gz
=============================================
15648595 sequences processed in total

