
SUMMARISING RUN PARAMETERS
==========================
Input filename: ./data_raw/D.2.fastq.gz
Trimming mode: paired-end
Trim Galore version: 0.4.2
Cutadapt version: 1.11
Quality Phred score cutoff: 20
Quality encoding type selected: ASCII+33
Adapter sequence: 'AGATCGGAAGAGC' (Illumina TruSeq, Sanger iPCR; auto-detected)
Maximum trimming error rate: 0.1 (default)
Minimum required adapter overlap (stringency): 1 bp
Minimum required sequence length for both reads before a sequence pair gets removed: 20 bp
Length cut-off for read 1: 35 bp (default)
Length cut-off for read 2: 35 bp (default)
Output file will be GZIP compressed


This is cutadapt 1.11 with Python 2.7.12
Command line parameters: -f fastq -e 0.1 -q 20 -O 1 -a AGATCGGAAGAGC ./data_raw/D.2.fastq.gz
Trimming 1 adapter with at most 10.0% errors in single-end mode ...
Finished in 670.27 s (43 us/read; 1.40 M reads/minute).

=== Summary ===

Total reads processed:              15,648,595
Reads with adapters:                 9,639,773 (61.6%)
Reads written (passing filters):    15,648,595 (100.0%)

Total basepairs processed: 2,347,289,250 bp
Quality-trimmed:             202,065,728 bp (8.6%)
Total written (filtered):  1,904,850,213 bp (81.2%)

=== Adapter 1 ===

Sequence: AGATCGGAAGAGC; Type: regular 3'; Length: 13; Trimmed: 9639773 times.

No. of allowed errors:
0-9 bp: 0; 10-13 bp: 1

Bases preceding removed adapters:
  A: 17.5%
  C: 33.9%
  G: 35.9%
  T: 12.5%
  none/other: 0.2%

Overview of removed sequences
length	count	expect	max.err	error counts
1	2122146	3912148.8	0	2122146
2	593117	978037.2	0	593117
3	298513	244509.3	0	298513
4	120336	61127.3	0	120336
5	122028	15281.8	0	122028
6	71853	3820.5	0	71853
7	75953	955.1	0	75953
8	101785	238.8	0	101785
9	133969	59.7	0	133754 215
10	136708	14.9	1	130366 6342
11	72748	3.7	1	65509 7239
12	72940	0.9	1	67129 5811
13	97778	0.2	1	91667 6111
14	97421	0.2	1	92049 5372
15	86084	0.2	1	81750 4334
16	108130	0.2	1	100645 7485
17	124012	0.2	1	116844 7168
18	134113	0.2	1	127382 6731
19	101881	0.2	1	96013 5868
20	137149	0.2	1	131481 5668
21	63908	0.2	1	58901 5007
22	80176	0.2	1	76963 3213
23	85027	0.2	1	81247 3780
24	121991	0.2	1	116243 5748
25	89613	0.2	1	85255 4358
26	121796	0.2	1	115301 6495
27	190421	0.2	1	179475 10946
28	103764	0.2	1	98945 4819
29	119265	0.2	1	108963 10302
30	94637	0.2	1	89928 4709
31	168546	0.2	1	161307 7239
32	90416	0.2	1	85084 5332
33	195154	0.2	1	187500 7654
34	45585	0.2	1	42248 3337
35	104030	0.2	1	99718 4312
36	186808	0.2	1	180186 6622
37	75262	0.2	1	72093 3169
38	104083	0.2	1	101134 2949
39	93581	0.2	1	90095 3486
40	138636	0.2	1	133938 4698
41	77699	0.2	1	74938 2761
42	94837	0.2	1	92133 2704
43	110084	0.2	1	106747 3337
44	67271	0.2	1	64849 2422
45	156236	0.2	1	151949 4287
46	87598	0.2	1	83947 3651
47	127602	0.2	1	124404 3198
48	65985	0.2	1	62540 3445
49	129523	0.2	1	125688 3835
50	43929	0.2	1	41956 1973
51	94182	0.2	1	91347 2835
52	56455	0.2	1	54391 2064
53	76590	0.2	1	74627 1963
54	106831	0.2	1	104346 2485
55	70597	0.2	1	68505 2092
56	72082	0.2	1	70147 1935
57	108292	0.2	1	105733 2559
58	89096	0.2	1	86647 2449
59	44158	0.2	1	42632 1526
60	86517	0.2	1	84728 1789
61	42120	0.2	1	40712 1408
62	47692	0.2	1	46040 1652
63	72259	0.2	1	70646 1613
64	56859	0.2	1	55275 1584
65	25339	0.2	1	24222 1117
66	57786	0.2	1	56430 1356
67	16243	0.2	1	15624 619
68	42122	0.2	1	40674 1448
69	37388	0.2	1	36339 1049
70	71097	0.2	1	69488 1609
71	12529	0.2	1	12045 484
72	22506	0.2	1	21838 668
73	24411	0.2	1	23712 699
74	25083	0.2	1	24360 723
75	27250	0.2	1	26460 790
76	36926	0.2	1	35999 927
77	64348	0.2	1	62830 1518
78	53583	0.2	1	51760 1823
79	15338	0.2	1	14302 1036
80	3242	0.2	1	2881 361
81	393	0.2	1	348 45
82	534	0.2	1	501 33
83	1282	0.2	1	1250 32
84	2354	0.2	1	2310 44
85	3652	0.2	1	3576 76
86	4637	0.2	1	4545 92
87	4596	0.2	1	4519 77
88	3593	0.2	1	3520 73
89	2618	0.2	1	2567 51
90	2157	0.2	1	2118 39
91	1893	0.2	1	1850 43
92	1512	0.2	1	1465 47
93	1186	0.2	1	1149 37
94	1030	0.2	1	1005 25
95	880	0.2	1	860 20
96	822	0.2	1	794 28
97	696	0.2	1	668 28
98	653	0.2	1	635 18
99	536	0.2	1	520 16
100	469	0.2	1	454 15
101	385	0.2	1	371 14
102	309	0.2	1	294 15
103	270	0.2	1	262 8
104	237	0.2	1	225 12
105	188	0.2	1	176 12
106	157	0.2	1	143 14
107	151	0.2	1	133 18
108	143	0.2	1	135 8
109	107	0.2	1	99 8
110	119	0.2	1	111 8
111	88	0.2	1	71 17
112	89	0.2	1	74 15
113	81	0.2	1	65 16
114	85	0.2	1	70 15
115	65	0.2	1	52 13
116	57	0.2	1	43 14
117	45	0.2	1	31 14
118	50	0.2	1	37 13
119	67	0.2	1	53 14
120	46	0.2	1	32 14
121	63	0.2	1	38 25
122	42	0.2	1	26 16
123	64	0.2	1	45 19
124	41	0.2	1	26 15
125	42	0.2	1	28 14
126	30	0.2	1	17 13
127	30	0.2	1	14 16
128	29	0.2	1	15 14
129	21	0.2	1	10 11
130	12	0.2	1	8 4
131	14	0.2	1	9 5
132	6	0.2	1	3 3
133	14	0.2	1	7 7
134	3	0.2	1	2 1
135	6	0.2	1	5 1
136	4	0.2	1	4
137	5	0.2	1	3 2
138	2	0.2	1	0 2
139	4	0.2	1	3 1
140	2	0.2	1	1 1
141	12	0.2	1	10 2
142	4	0.2	1	3 1
143	2	0.2	1	2
144	1	0.2	1	1
145	7	0.2	1	6 1
146	14	0.2	1	9 5
147	6	0.2	1	4 2
148	6	0.2	1	5 1
149	3	0.2	1	1 2
150	4	0.2	1	3 1


RUN STATISTICS FOR INPUT FILE: ./data_raw/D.2.fastq.gz
=============================================
15648595 sequences processed in total

Total number of sequences analysed for the sequence pair length validation: 15648595

Number of sequence pairs removed because at least one read was shorter than the length cutoff (20 bp): 822275 (5.25%)
