
SUMMARISING RUN PARAMETERS
==========================
Input filename: ./data_raw/E.1.fastq.gz
Trimming mode: paired-end
Trim Galore version: 0.4.2
Cutadapt version: 1.11
Quality Phred score cutoff: 20
Quality encoding type selected: ASCII+33
Adapter sequence: 'AGATCGGAAGAGC' (Illumina TruSeq, Sanger iPCR; auto-detected)
Maximum trimming error rate: 0.1 (default)
Minimum required adapter overlap (stringency): 1 bp
Minimum required sequence length for both reads before a sequence pair gets removed: 20 bp
Length cut-off for read 1: 35 bp (default)
Length cut-off for read 2: 35 bp (default)
Output file will be GZIP compressed


This is cutadapt 1.11 with Python 2.7.12
Command line parameters: -f fastq -e 0.1 -q 20 -O 1 -a AGATCGGAAGAGC ./data_raw/E.1.fastq.gz
Trimming 1 adapter with at most 10.0% errors in single-end mode ...
Finished in 626.53 s (40 us/read; 1.51 M reads/minute).

=== Summary ===

Total reads processed:              15,805,620
Reads with adapters:                10,220,028 (64.7%)
Reads written (passing filters):    15,805,620 (100.0%)

Total basepairs processed: 2,370,843,000 bp
Quality-trimmed:              78,534,160 bp (3.3%)
Total written (filtered):  2,005,407,040 bp (84.6%)

=== Adapter 1 ===

Sequence: AGATCGGAAGAGC; Type: regular 3'; Length: 13; Trimmed: 10220028 times.

No. of allowed errors:
0-9 bp: 0; 10-13 bp: 1

Bases preceding removed adapters:
  A: 17.2%
  C: 33.3%
  G: 30.1%
  T: 17.8%
  none/other: 1.5%

Overview of removed sequences
length	count	expect	max.err	error counts
1	1906533	3951405.0	0	1906533
2	629527	987851.2	0	629527
3	257648	246962.8	0	257648
4	130992	61740.7	0	130992
5	92943	15435.2	0	92943
6	77585	3858.8	0	77585
7	78325	964.7	0	78325
8	94365	241.2	0	94365
9	123378	60.3	0	123191 187
10	137563	15.1	1	125964 11599
11	96156	3.8	1	86145 10011
12	97788	0.9	1	88007 9781
13	121630	0.2	1	110706 10924
14	87073	0.2	1	78403 8670
15	124301	0.2	1	113485 10816
16	63837	0.2	1	56724 7113
17	104249	0.2	1	94583 9666
18	93815	0.2	1	85831 7984
19	110916	0.2	1	101361 9555
20	87521	0.2	1	79831 7690
21	115797	0.2	1	105680 10117
22	121493	0.2	1	110619 10874
23	114795	0.2	1	104386 10409
24	113355	0.2	1	102254 11101
25	112031	0.2	1	102095 9936
26	90365	0.2	1	81983 8382
27	117298	0.2	1	106732 10566
28	108324	0.2	1	99195 9129
29	117436	0.2	1	106828 10608
30	103935	0.2	1	94829 9106
31	131462	0.2	1	119837 11625
32	134407	0.2	1	122722 11685
33	101926	0.2	1	92200 9726
34	141259	0.2	1	129421 11838
35	77879	0.2	1	71075 6804
36	117160	0.2	1	106249 10911
37	130675	0.2	1	117853 12822
38	130051	0.2	1	117540 12511
39	173990	0.2	1	157036 16954
40	127717	0.2	1	115783 11934
41	179954	0.2	1	162879 17075
42	326649	0.2	1	297425 29224
43	330900	0.2	1	300723 30177
44	237983	0.2	1	216128 21855
45	116777	0.2	1	106735 10042
46	55703	0.2	1	50642 5061
47	45701	0.2	1	40473 5228
48	73201	0.2	1	66827 6374
49	126724	0.2	1	116344 10380
50	33891	0.2	1	29943 3948
51	141159	0.2	1	128869 12290
52	105885	0.2	1	96854 9031
53	62147	0.2	1	56649 5498
54	72787	0.2	1	66155 6632
55	122073	0.2	1	111733 10340
56	76601	0.2	1	70152 6449
57	18644	0.2	1	16871 1773
58	58669	0.2	1	53554 5115
59	125690	0.2	1	115007 10683
60	19408	0.2	1	17546 1862
61	53866	0.2	1	49286 4580
62	76331	0.2	1	69920 6411
63	16488	0.2	1	14981 1507
64	43964	0.2	1	40098 3866
65	69632	0.2	1	63513 6119
66	28314	0.2	1	25763 2551
67	33814	0.2	1	30857 2957
68	40243	0.2	1	36712 3531
69	37424	0.2	1	33824 3600
70	36560	0.2	1	33073 3487
71	38804	0.2	1	34085 4719
72	53858	0.2	1	45382 8476
73	69157	0.2	1	57582 11575
74	83759	0.2	1	66222 17537
75	61287	0.2	1	53255 8032
76	5434	0.2	1	4735 699
77	290	0.2	1	249 41
78	1617	0.2	1	1470 147
79	4793	0.2	1	4359 434
80	7937	0.2	1	7202 735
81	9469	0.2	1	8585 884
82	10058	0.2	1	9143 915
83	10513	0.2	1	9537 976
84	10291	0.2	1	9315 976
85	9900	0.2	1	9016 884
86	9549	0.2	1	8669 880
87	9012	0.2	1	8203 809
88	8201	0.2	1	7432 769
89	7490	0.2	1	6821 669
90	6965	0.2	1	6338 627
91	6122	0.2	1	5551 571
92	5558	0.2	1	4997 561
93	4756	0.2	1	4236 520
94	4222	0.2	1	3833 389
95	3835	0.2	1	3470 365
96	3601	0.2	1	3262 339
97	3335	0.2	1	2997 338
98	3358	0.2	1	3036 322
99	2889	0.2	1	2597 292
100	2526	0.2	1	2289 237
101	2257	0.2	1	2044 213
102	1909	0.2	1	1723 186
103	1592	0.2	1	1425 167
104	1357	0.2	1	1204 153
105	1108	0.2	1	991 117
106	1010	0.2	1	893 117
107	1054	0.2	1	926 128
108	914	0.2	1	810 104
109	839	0.2	1	757 82
110	695	0.2	1	624 71
111	576	0.2	1	509 67
112	532	0.2	1	462 70
113	470	0.2	1	403 67
114	369	0.2	1	309 60
115	351	0.2	1	301 50
116	313	0.2	1	265 48
117	264	0.2	1	217 47
118	269	0.2	1	221 48
119	228	0.2	1	191 37
120	173	0.2	1	134 39
121	222	0.2	1	171 51
122	143	0.2	1	116 27
123	191	0.2	1	142 49
124	124	0.2	1	93 31
125	130	0.2	1	90 40
126	102	0.2	1	76 26
127	104	0.2	1	74 30
128	103	0.2	1	72 31
129	89	0.2	1	52 37
130	53	0.2	1	38 15
131	67	0.2	1	44 23
132	36	0.2	1	24 12
133	38	0.2	1	32 6
134	45	0.2	1	35 10
135	41	0.2	1	38 3
136	26	0.2	1	21 5
137	30	0.2	1	27 3
138	15	0.2	1	12 3
139	21	0.2	1	16 5
140	47	0.2	1	42 5
141	47	0.2	1	39 8
142	40	0.2	1	22 18
143	47	0.2	1	35 12
144	13	0.2	1	11 2
145	72	0.2	1	69 3
146	116	0.2	1	112 4
147	77	0.2	1	67 10
148	169	0.2	1	166 3
149	50	0.2	1	36 14
150	78222	0.2	1	36 78186


RUN STATISTICS FOR INPUT FILE: ./data_raw/E.1.fastq.gz
=============================================
15805620 sequences processed in total

