
SUMMARISING RUN PARAMETERS
==========================
Input filename: ./data_raw/E.2.fastq.gz
Trimming mode: paired-end
Trim Galore version: 0.4.2
Cutadapt version: 1.11
Quality Phred score cutoff: 20
Quality encoding type selected: ASCII+33
Adapter sequence: 'AGATCGGAAGAGC' (Illumina TruSeq, Sanger iPCR; auto-detected)
Maximum trimming error rate: 0.1 (default)
Minimum required adapter overlap (stringency): 1 bp
Minimum required sequence length for both reads before a sequence pair gets removed: 20 bp
Length cut-off for read 1: 35 bp (default)
Length cut-off for read 2: 35 bp (default)
Output file will be GZIP compressed


This is cutadapt 1.11 with Python 2.7.12
Command line parameters: -f fastq -e 0.1 -q 20 -O 1 -a AGATCGGAAGAGC ./data_raw/E.2.fastq.gz
Trimming 1 adapter with at most 10.0% errors in single-end mode ...
Finished in 612.89 s (39 us/read; 1.55 M reads/minute).

=== Summary ===

Total reads processed:              15,805,620
Reads with adapters:                 9,642,845 (61.0%)
Reads written (passing filters):    15,805,620 (100.0%)

Total basepairs processed: 2,370,843,000 bp
Quality-trimmed:             256,382,339 bp (10.8%)
Total written (filtered):  1,866,905,086 bp (78.7%)

=== Adapter 1 ===

Sequence: AGATCGGAAGAGC; Type: regular 3'; Length: 13; Trimmed: 9642845 times.

No. of allowed errors:
0-9 bp: 0; 10-13 bp: 1

Bases preceding removed adapters:
  A: 16.8%
  C: 33.9%
  G: 36.1%
  T: 13.0%
  none/other: 0.2%

Overview of removed sequences
length	count	expect	max.err	error counts
1	2047188	3951405.0	0	2047188
2	589289	987851.2	0	589289
3	286936	246962.8	0	286936
4	118478	61740.7	0	118478
5	119352	15435.2	0	119352
6	70281	3858.8	0	70281
7	75395	964.7	0	75395
8	100975	241.2	0	100975
9	129685	60.3	0	129460 225
10	137771	15.1	1	130653 7118
11	70999	3.8	1	62923 8076
12	73853	0.9	1	67593 6260
13	94232	0.2	1	87407 6825
14	96277	0.2	1	90050 6227
15	84935	0.2	1	79897 5038
16	105388	0.2	1	97268 8120
17	122168	0.2	1	114517 7651
18	132904	0.2	1	125442 7462
19	110673	0.2	1	103762 6911
20	130720	0.2	1	124237 6483
21	60084	0.2	1	55120 4964
22	78318	0.2	1	74939 3379
23	81779	0.2	1	77562 4217
24	122803	0.2	1	115801 7002
25	89782	0.2	1	84751 5031
26	117641	0.2	1	110509 7132
27	194934	0.2	1	182260 12674
28	113610	0.2	1	107767 5843
29	117536	0.2	1	106230 11306
30	113110	0.2	1	107286 5824
31	147777	0.2	1	140464 7313
32	100475	0.2	1	95269 5206
33	123137	0.2	1	116676 6461
34	185316	0.2	1	177775 7541
35	95784	0.2	1	90863 4921
36	152546	0.2	1	146127 6419
37	96400	0.2	1	92167 4233
38	71660	0.2	1	67674 3986
39	90248	0.2	1	86514 3734
40	63306	0.2	1	59003 4303
41	136262	0.2	1	131318 4944
42	66012	0.2	1	63247 2765
43	127378	0.2	1	122902 4476
44	60506	0.2	1	57953 2553
45	169140	0.2	1	163275 5865
46	87554	0.2	1	83245 4309
47	118040	0.2	1	114262 3778
48	66830	0.2	1	62669 4161
49	136227	0.2	1	131159 5068
50	41607	0.2	1	39312 2295
51	100554	0.2	1	96713 3841
52	53026	0.2	1	50388 2638
53	80527	0.2	1	77999 2528
54	110287	0.2	1	107104 3183
55	72852	0.2	1	70040 2812
56	76456	0.2	1	73836 2620
57	121041	0.2	1	117613 3428
58	95034	0.2	1	91761 3273
59	44833	0.2	1	42877 1956
60	99983	0.2	1	97422 2561
61	44224	0.2	1	42352 1872
62	47561	0.2	1	45437 2124
63	82888	0.2	1	80585 2303
64	61308	0.2	1	59282 2026
65	26789	0.2	1	25297 1492
66	62397	0.2	1	60412 1985
67	17461	0.2	1	16669 792
68	43245	0.2	1	41343 1902
69	41889	0.2	1	40379 1510
70	79943	0.2	1	77478 2465
71	14484	0.2	1	13797 687
72	25484	0.2	1	24502 982
73	27453	0.2	1	26437 1016
74	28320	0.2	1	27279 1041
75	31399	0.2	1	30266 1133
76	42047	0.2	1	40695 1352
77	71025	0.2	1	68784 2241
78	55654	0.2	1	53100 2554
79	15880	0.2	1	14513 1367
80	3392	0.2	1	2865 527
81	424	0.2	1	370 54
82	568	0.2	1	540 28
83	1391	0.2	1	1333 58
84	2617	0.2	1	2546 71
85	4114	0.2	1	4009 105
86	5079	0.2	1	4945 134
87	5041	0.2	1	4907 134
88	3983	0.2	1	3876 107
89	2760	0.2	1	2675 85
90	2413	0.2	1	2343 70
91	1969	0.2	1	1900 69
92	1646	0.2	1	1583 63
93	1285	0.2	1	1247 38
94	1067	0.2	1	1034 33
95	939	0.2	1	894 45
96	860	0.2	1	826 34
97	753	0.2	1	726 27
98	737	0.2	1	703 34
99	581	0.2	1	562 19
100	496	0.2	1	468 28
101	411	0.2	1	390 21
102	356	0.2	1	337 19
103	279	0.2	1	265 14
104	225	0.2	1	206 19
105	184	0.2	1	171 13
106	167	0.2	1	159 8
107	162	0.2	1	148 14
108	153	0.2	1	145 8
109	135	0.2	1	121 14
110	120	0.2	1	108 12
111	100	0.2	1	87 13
112	102	0.2	1	86 16
113	74	0.2	1	66 8
114	72	0.2	1	62 10
115	74	0.2	1	63 11
116	57	0.2	1	40 17
117	64	0.2	1	46 18
118	61	0.2	1	51 10
119	44	0.2	1	33 11
120	45	0.2	1	30 15
121	61	0.2	1	47 14
122	49	0.2	1	34 15
123	46	0.2	1	27 19
124	40	0.2	1	23 17
125	47	0.2	1	28 19
126	40	0.2	1	20 20
127	27	0.2	1	17 10
128	35	0.2	1	15 20
129	26	0.2	1	17 9
130	12	0.2	1	5 7
131	13	0.2	1	6 7
132	8	0.2	1	6 2
133	7	0.2	1	5 2
134	7	0.2	1	4 3
135	6	0.2	1	3 3
136	7	0.2	1	3 4
137	10	0.2	1	7 3
138	3	0.2	1	0 3
139	4	0.2	1	0 4
140	5	0.2	1	3 2
141	3	0.2	1	3
142	3	0.2	1	3
143	5	0.2	1	5
144	2	0.2	1	1 1
145	6	0.2	1	5 1
146	8	0.2	1	8
147	7	0.2	1	5 2
148	9	0.2	1	8 1
149	1	0.2	1	0 1
150	3	0.2	1	2 1


RUN STATISTICS FOR INPUT FILE: ./data_raw/E.2.fastq.gz
=============================================
15805620 sequences processed in total

Total number of sequences analysed for the sequence pair length validation: 15805620

Number of sequence pairs removed because at least one read was shorter than the length cutoff (20 bp): 1165290 (7.37%)
