
SUMMARISING RUN PARAMETERS
==========================
Input filename: ./data_raw/F.1.fastq.gz
Trimming mode: paired-end
Trim Galore version: 0.4.2
Cutadapt version: 1.11
Quality Phred score cutoff: 20
Quality encoding type selected: ASCII+33
Adapter sequence: 'AGATCGGAAGAGC' (Illumina TruSeq, Sanger iPCR; auto-detected)
Maximum trimming error rate: 0.1 (default)
Minimum required adapter overlap (stringency): 1 bp
Minimum required sequence length for both reads before a sequence pair gets removed: 20 bp
Length cut-off for read 1: 35 bp (default)
Length cut-off for read 2: 35 bp (default)
Output file will be GZIP compressed


This is cutadapt 1.11 with Python 2.7.12
Command line parameters: -f fastq -e 0.1 -q 20 -O 1 -a AGATCGGAAGAGC ./data_raw/F.1.fastq.gz
Trimming 1 adapter with at most 10.0% errors in single-end mode ...
Finished in 871.80 s (40 us/read; 1.49 M reads/minute).

=== Summary ===

Total reads processed:              21,709,453
Reads with adapters:                13,987,322 (64.4%)
Reads written (passing filters):    21,709,453 (100.0%)

Total basepairs processed: 3,256,417,950 bp
Quality-trimmed:              96,130,982 bp (3.0%)
Total written (filtered):  2,781,336,035 bp (85.4%)

=== Adapter 1 ===

Sequence: AGATCGGAAGAGC; Type: regular 3'; Length: 13; Trimmed: 13987322 times.

No. of allowed errors:
0-9 bp: 0; 10-13 bp: 1

Bases preceding removed adapters:
  A: 15.9%
  C: 36.7%
  G: 28.3%
  T: 18.5%
  none/other: 0.6%

Overview of removed sequences
length	count	expect	max.err	error counts
1	2618662	5427363.2	0	2618662
2	876651	1356840.8	0	876651
3	362988	339210.2	0	362988
4	183146	84802.6	0	183146
5	129820	21200.6	0	129820
6	108159	5300.2	0	108159
7	107301	1325.0	0	107301
8	130643	331.3	0	130643
9	170652	82.8	0	170298 354
10	189482	20.7	1	172354 17128
11	132681	5.2	1	118297 14384
12	135502	1.3	1	121508 13994
13	169626	0.3	1	153517 16109
14	121822	0.3	1	109066 12756
15	174542	0.3	1	158587 15955
16	89272	0.3	1	79080 10192
17	145914	0.3	1	131983 13931
18	130005	0.3	1	118493 11512
19	153270	0.3	1	139648 13622
20	121297	0.3	1	109857 11440
21	161504	0.3	1	146717 14787
22	169790	0.3	1	154079 15711
23	160737	0.3	1	146359 14378
24	158671	0.3	1	142671 16000
25	155636	0.3	1	141654 13982
26	126636	0.3	1	114715 11921
27	164044	0.3	1	149234 14810
28	151102	0.3	1	138013 13089
29	163622	0.3	1	148549 15073
30	145466	0.3	1	132292 13174
31	181748	0.3	1	165428 16320
32	185025	0.3	1	168616 16409
33	142374	0.3	1	128727 13647
34	197436	0.3	1	180324 17112
35	108682	0.3	1	99169 9513
36	165176	0.3	1	150300 14876
37	184078	0.3	1	165919 18159
38	182140	0.3	1	164752 17388
39	243432	0.3	1	220096 23336
40	176203	0.3	1	160131 16072
41	248102	0.3	1	224919 23183
42	450989	0.3	1	411737 39252
43	456730	0.3	1	416969 39761
44	328948	0.3	1	300644 28304
45	161653	0.3	1	148655 12998
46	77016	0.3	1	70232 6784
47	62147	0.3	1	56397 5750
48	101801	0.3	1	93214 8587
49	176915	0.3	1	163240 13675
50	46267	0.3	1	41372 4895
51	193092	0.3	1	176956 16136
52	144309	0.3	1	132261 12048
53	84449	0.3	1	77267 7182
54	99332	0.3	1	90984 8348
55	166423	0.3	1	152913 13510
56	105280	0.3	1	96847 8433
57	25646	0.3	1	23290 2356
58	80594	0.3	1	74011 6583
59	171973	0.3	1	158321 13652
60	26161	0.3	1	23671 2490
61	71794	0.3	1	66035 5759
62	102238	0.3	1	94037 8201
63	22186	0.3	1	20239 1947
64	58345	0.3	1	53708 4637
65	93828	0.3	1	86320 7508
66	37505	0.3	1	34330 3175
67	44928	0.3	1	41306 3622
68	54567	0.3	1	50123 4444
69	49376	0.3	1	45195 4181
70	48837	0.3	1	44765 4072
71	50375	0.3	1	45616 4759
72	66024	0.3	1	58802 7222
73	84766	0.3	1	75319 9447
74	98319	0.3	1	85585 12734
75	76293	0.3	1	68666 7627
76	7048	0.3	1	6220 828
77	337	0.3	1	285 52
78	2001	0.3	1	1837 164
79	6277	0.3	1	5751 526
80	10168	0.3	1	9281 887
81	12245	0.3	1	11231 1014
82	12552	0.3	1	11521 1031
83	13065	0.3	1	12021 1044
84	12535	0.3	1	11515 1020
85	12291	0.3	1	11324 967
86	11893	0.3	1	10935 958
87	11077	0.3	1	10185 892
88	10270	0.3	1	9513 757
89	9409	0.3	1	8669 740
90	8355	0.3	1	7721 634
91	7501	0.3	1	6905 596
92	6582	0.3	1	6057 525
93	5597	0.3	1	5128 469
94	4978	0.3	1	4587 391
95	4539	0.3	1	4151 388
96	4233	0.3	1	3895 338
97	3991	0.3	1	3704 287
98	3889	0.3	1	3553 336
99	3446	0.3	1	3153 293
100	2918	0.3	1	2682 236
101	2578	0.3	1	2344 234
102	2104	0.3	1	1916 188
103	1768	0.3	1	1619 149
104	1562	0.3	1	1416 146
105	1295	0.3	1	1168 127
106	1220	0.3	1	1114 106
107	1139	0.3	1	1007 132
108	1030	0.3	1	919 111
109	1031	0.3	1	945 86
110	883	0.3	1	791 92
111	780	0.3	1	695 85
112	623	0.3	1	549 74
113	565	0.3	1	496 69
114	465	0.3	1	401 64
115	452	0.3	1	389 63
116	349	0.3	1	304 45
117	336	0.3	1	287 49
118	288	0.3	1	239 49
119	315	0.3	1	253 62
120	261	0.3	1	212 49
121	255	0.3	1	203 52
122	224	0.3	1	169 55
123	248	0.3	1	194 54
124	186	0.3	1	134 52
125	215	0.3	1	156 59
126	151	0.3	1	96 55
127	158	0.3	1	112 46
128	117	0.3	1	83 34
129	139	0.3	1	104 35
130	74	0.3	1	47 27
131	87	0.3	1	61 26
132	59	0.3	1	45 14
133	67	0.3	1	52 15
134	85	0.3	1	72 13
135	64	0.3	1	58 6
136	36	0.3	1	31 5
137	38	0.3	1	31 7
138	49	0.3	1	41 8
139	40	0.3	1	33 7
140	46	0.3	1	37 9
141	68	0.3	1	63 5
142	38	0.3	1	24 14
143	66	0.3	1	63 3
144	25	0.3	1	24 1
145	128	0.3	1	103 25
146	195	0.3	1	186 9
147	92	0.3	1	89 3
148	250	0.3	1	241 9
149	67	0.3	1	51 16
150	35669	0.3	1	57 35612


RUN STATISTICS FOR INPUT FILE: ./data_raw/F.1.fastq.gz
=============================================
21709453 sequences processed in total

