
SUMMARISING RUN PARAMETERS
==========================
Input filename: ./data_raw/F.2.fastq.gz
Trimming mode: paired-end
Trim Galore version: 0.4.2
Cutadapt version: 1.11
Quality Phred score cutoff: 20
Quality encoding type selected: ASCII+33
Adapter sequence: 'AGATCGGAAGAGC' (Illumina TruSeq, Sanger iPCR; auto-detected)
Maximum trimming error rate: 0.1 (default)
Minimum required adapter overlap (stringency): 1 bp
Minimum required sequence length for both reads before a sequence pair gets removed: 20 bp
Length cut-off for read 1: 35 bp (default)
Length cut-off for read 2: 35 bp (default)
Output file will be GZIP compressed


This is cutadapt 1.11 with Python 2.7.12
Command line parameters: -f fastq -e 0.1 -q 20 -O 1 -a AGATCGGAAGAGC ./data_raw/F.2.fastq.gz
Trimming 1 adapter with at most 10.0% errors in single-end mode ...
Finished in 843.32 s (39 us/read; 1.54 M reads/minute).

=== Summary ===

Total reads processed:              21,709,453
Reads with adapters:                13,338,711 (61.4%)
Reads written (passing filters):    21,709,453 (100.0%)

Total basepairs processed: 3,256,417,950 bp
Quality-trimmed:             333,168,591 bp (10.2%)
Total written (filtered):  2,581,887,635 bp (79.3%)

=== Adapter 1 ===

Sequence: AGATCGGAAGAGC; Type: regular 3'; Length: 13; Trimmed: 13338711 times.

No. of allowed errors:
0-9 bp: 0; 10-13 bp: 1

Bases preceding removed adapters:
  A: 15.8%
  C: 37.8%
  G: 33.5%
  T: 12.7%
  none/other: 0.3%

Overview of removed sequences
length	count	expect	max.err	error counts
1	2870247	5427363.2	0	2870247
2	809821	1356840.8	0	809821
3	395016	339210.2	0	395016
4	158551	84802.6	0	158551
5	167528	21200.6	0	167528
6	97408	5300.2	0	97408
7	101915	1325.0	0	101915
8	137380	331.3	0	137380
9	179733	82.8	0	179386 347
10	185732	20.7	1	175556 10176
11	101778	5.2	1	90569 11209
12	100208	1.3	1	91326 8882
13	135382	0.3	1	125803 9579
14	133727	0.3	1	125282 8445
15	115793	0.3	1	108943 6850
16	149755	0.3	1	138350 11405
17	170764	0.3	1	159829 10935
18	186172	0.3	1	175471 10701
19	155508	0.3	1	145989 9519
20	177188	0.3	1	168355 8833
21	84540	0.3	1	77446 7094
22	105430	0.3	1	100756 4674
23	116834	0.3	1	110740 6094
24	172055	0.3	1	162860 9195
25	122737	0.3	1	115678 7059
26	166701	0.3	1	156732 9969
27	257541	0.3	1	241247 16294
28	136179	0.3	1	129010 7169
29	173665	0.3	1	158092 15573
30	149339	0.3	1	141656 7683
31	199985	0.3	1	190372 9613
32	123915	0.3	1	117596 6319
33	186307	0.3	1	178134 8173
34	124191	0.3	1	117571 6620
35	205886	0.3	1	197439 8447
36	81124	0.3	1	77070 4054
37	141313	0.3	1	132837 8476
38	121913	0.3	1	117053 4860
39	175722	0.3	1	168745 6977
40	182390	0.3	1	171405 10985
41	128917	0.3	1	122387 6530
42	170486	0.3	1	164674 5812
43	164118	0.3	1	157814 6304
44	101035	0.3	1	96737 4298
45	222793	0.3	1	214885 7908
46	133060	0.3	1	126208 6852
47	182248	0.3	1	176712 5536
48	102879	0.3	1	95990 6889
49	186655	0.3	1	179640 7015
50	64710	0.3	1	61020 3690
51	133879	0.3	1	128551 5328
52	77250	0.3	1	73594 3656
53	106557	0.3	1	103290 3267
54	152435	0.3	1	148130 4305
55	100974	0.3	1	97172 3802
56	104084	0.3	1	100656 3428
57	163308	0.3	1	158723 4585
58	131805	0.3	1	127247 4558
59	62502	0.3	1	59821 2681
60	129311	0.3	1	126143 3168
61	61705	0.3	1	59149 2556
62	69882	0.3	1	66818 3064
63	108829	0.3	1	105876 2953
64	82392	0.3	1	79499 2893
65	38493	0.3	1	36425 2068
66	83812	0.3	1	81333 2479
67	23625	0.3	1	22493 1132
68	62288	0.3	1	59718 2570
69	54723	0.3	1	52814 1909
70	104059	0.3	1	101106 2953
71	18885	0.3	1	18043 842
72	33863	0.3	1	32579 1284
73	37137	0.3	1	35832 1305
74	37532	0.3	1	36179 1353
75	40479	0.3	1	39026 1453
76	54351	0.3	1	52686 1665
77	92505	0.3	1	89860 2645
78	75343	0.3	1	72187 3156
79	21738	0.3	1	20023 1715
80	4610	0.3	1	3911 699
81	568	0.3	1	489 79
82	671	0.3	1	628 43
83	1658	0.3	1	1600 58
84	3167	0.3	1	3091 76
85	4906	0.3	1	4798 108
86	6297	0.3	1	6133 164
87	6434	0.3	1	6294 140
88	5384	0.3	1	5238 146
89	3918	0.3	1	3818 100
90	3329	0.3	1	3230 99
91	2699	0.3	1	2636 63
92	2345	0.3	1	2270 75
93	1871	0.3	1	1826 45
94	1550	0.3	1	1510 40
95	1357	0.3	1	1320 37
96	1155	0.3	1	1114 41
97	1122	0.3	1	1067 55
98	992	0.3	1	954 38
99	878	0.3	1	844 34
100	688	0.3	1	663 25
101	576	0.3	1	546 30
102	495	0.3	1	465 30
103	421	0.3	1	399 22
104	345	0.3	1	328 17
105	253	0.3	1	231 22
106	262	0.3	1	240 22
107	249	0.3	1	222 27
108	231	0.3	1	202 29
109	217	0.3	1	202 15
110	163	0.3	1	147 16
111	161	0.3	1	142 19
112	117	0.3	1	100 17
113	137	0.3	1	119 18
114	106	0.3	1	88 18
115	102	0.3	1	83 19
116	85	0.3	1	70 15
117	102	0.3	1	81 21
118	79	0.3	1	63 16
119	97	0.3	1	72 25
120	86	0.3	1	59 27
121	83	0.3	1	60 23
122	72	0.3	1	49 23
123	79	0.3	1	41 38
124	64	0.3	1	35 29
125	87	0.3	1	47 40
126	47	0.3	1	22 25
127	43	0.3	1	22 21
128	43	0.3	1	28 15
129	45	0.3	1	23 22
130	20	0.3	1	12 8
131	17	0.3	1	10 7
132	21	0.3	1	16 5
133	19	0.3	1	11 8
134	14	0.3	1	11 3
135	12	0.3	1	7 5
136	5	0.3	1	4 1
137	4	0.3	1	4
138	9	0.3	1	6 3
139	1	0.3	1	1
140	10	0.3	1	6 4
141	8	0.3	1	7 1
142	6	0.3	1	4 2
143	8	0.3	1	6 2
144	5	0.3	1	4 1
145	13	0.3	1	8 5
146	29	0.3	1	24 5
147	6	0.3	1	5 1
148	23	0.3	1	21 2
149	9	0.3	1	6 3
150	6	0.3	1	5 1


RUN STATISTICS FOR INPUT FILE: ./data_raw/F.2.fastq.gz
=============================================
21709453 sequences processed in total

Total number of sequences analysed for the sequence pair length validation: 21709453

Number of sequence pairs removed because at least one read was shorter than the length cutoff (20 bp): 1451103 (6.68%)
