
SUMMARISING RUN PARAMETERS
==========================
Input filename: ./data_raw/G.1.fastq.gz
Trimming mode: paired-end
Trim Galore version: 0.4.2
Cutadapt version: 1.11
Quality Phred score cutoff: 20
Quality encoding type selected: ASCII+33
Adapter sequence: 'AGATCGGAAGAGC' (Illumina TruSeq, Sanger iPCR; auto-detected)
Maximum trimming error rate: 0.1 (default)
Minimum required adapter overlap (stringency): 1 bp
Minimum required sequence length for both reads before a sequence pair gets removed: 20 bp
Length cut-off for read 1: 35 bp (default)
Length cut-off for read 2: 35 bp (default)
Output file will be GZIP compressed


This is cutadapt 1.11 with Python 2.7.12
Command line parameters: -f fastq -e 0.1 -q 20 -O 1 -a AGATCGGAAGAGC ./data_raw/G.1.fastq.gz
Trimming 1 adapter with at most 10.0% errors in single-end mode ...
Finished in 655.06 s (40 us/read; 1.51 M reads/minute).

=== Summary ===

Total reads processed:              16,509,329
Reads with adapters:                10,739,700 (65.1%)
Reads written (passing filters):    16,509,329 (100.0%)

Total basepairs processed: 2,476,399,350 bp
Quality-trimmed:              80,245,440 bp (3.2%)
Total written (filtered):  2,115,075,312 bp (85.4%)

=== Adapter 1 ===

Sequence: AGATCGGAAGAGC; Type: regular 3'; Length: 13; Trimmed: 10739700 times.

No. of allowed errors:
0-9 bp: 0; 10-13 bp: 1

Bases preceding removed adapters:
  A: 18.2%
  C: 32.0%
  G: 30.7%
  T: 17.4%
  none/other: 1.6%

Overview of removed sequences
length	count	expect	max.err	error counts
1	2071870	4127332.2	0	2071870
2	672277	1031833.1	0	672277
3	282515	257958.3	0	282515
4	147475	64489.6	0	147475
5	106467	16122.4	0	106467
6	91077	4030.6	0	91077
7	92752	1007.6	0	92752
8	112502	251.9	0	112502
9	144065	63.0	0	143898 167
10	158105	15.7	1	146543 11562
11	109338	3.9	1	99296 10042
12	113858	1.0	1	104006 9852
13	142328	0.2	1	131500 10828
14	103209	0.2	1	94258 8951
15	145320	0.2	1	134123 11197
16	74381	0.2	1	67222 7159
17	122038	0.2	1	112643 9395
18	108386	0.2	1	100640 7746
19	128545	0.2	1	119367 9178
20	98121	0.2	1	90624 7497
21	132548	0.2	1	122691 9857
22	137902	0.2	1	127416 10486
23	132145	0.2	1	122079 10066
24	129365	0.2	1	118803 10562
25	125886	0.2	1	116514 9372
26	103473	0.2	1	95248 8225
27	135525	0.2	1	125667 9858
28	123396	0.2	1	114833 8563
29	133308	0.2	1	123182 10126
30	118713	0.2	1	110029 8684
31	146670	0.2	1	135585 11085
32	148074	0.2	1	137291 10783
33	113957	0.2	1	104864 9093
34	157961	0.2	1	147079 10882
35	89075	0.2	1	82691 6384
36	129806	0.2	1	119516 10290
37	141962	0.2	1	130462 11500
38	140056	0.2	1	128524 11532
39	184083	0.2	1	168998 15085
40	132052	0.2	1	121848 10204
41	180901	0.2	1	166793 14108
42	329950	0.2	1	305557 24393
43	319294	0.2	1	295170 24124
44	235737	0.2	1	217650 18087
45	108639	0.2	1	100912 7727
46	56539	0.2	1	52079 4460
47	46137	0.2	1	41655 4482
48	73703	0.2	1	68371 5332
49	129570	0.2	1	120825 8745
50	30100	0.2	1	27016 3084
51	134635	0.2	1	124897 9738
52	100523	0.2	1	93535 6988
53	58256	0.2	1	53975 4281
54	66400	0.2	1	61406 4994
55	112562	0.2	1	104704 7858
56	70776	0.2	1	65757 5019
57	15846	0.2	1	14596 1250
58	53508	0.2	1	49777 3731
59	113428	0.2	1	105745 7683
60	15850	0.2	1	14586 1264
61	46968	0.2	1	43604 3364
62	65093	0.2	1	60453 4640
63	13260	0.2	1	12237 1023
64	36087	0.2	1	33544 2543
65	57190	0.2	1	53203 3987
66	22286	0.2	1	20626 1660
67	26678	0.2	1	24861 1817
68	32060	0.2	1	29764 2296
69	29271	0.2	1	27025 2246
70	28910	0.2	1	26761 2149
71	30176	0.2	1	26895 3281
72	41036	0.2	1	34744 6292
73	53483	0.2	1	44420 9063
74	65156	0.2	1	50485 14671
75	46075	0.2	1	40435 5640
76	3874	0.2	1	3416 458
77	182	0.2	1	155 27
78	1196	0.2	1	1097 99
79	3782	0.2	1	3517 265
80	6046	0.2	1	5607 439
81	7127	0.2	1	6539 588
82	7764	0.2	1	7193 571
83	7757	0.2	1	7240 517
84	7829	0.2	1	7225 604
85	7481	0.2	1	6885 596
86	7206	0.2	1	6701 505
87	6863	0.2	1	6375 488
88	6239	0.2	1	5792 447
89	5845	0.2	1	5442 403
90	5296	0.2	1	4890 406
91	4836	0.2	1	4467 369
92	4347	0.2	1	3971 376
93	3712	0.2	1	3417 295
94	3352	0.2	1	3101 251
95	3045	0.2	1	2789 256
96	2958	0.2	1	2739 219
97	2726	0.2	1	2540 186
98	2686	0.2	1	2472 214
99	2458	0.2	1	2279 179
100	2246	0.2	1	2070 176
101	2032	0.2	1	1855 177
102	1623	0.2	1	1499 124
103	1362	0.2	1	1252 110
104	1089	0.2	1	1002 87
105	953	0.2	1	853 100
106	929	0.2	1	838 91
107	905	0.2	1	828 77
108	790	0.2	1	703 87
109	738	0.2	1	674 64
110	626	0.2	1	566 60
111	530	0.2	1	479 51
112	467	0.2	1	419 48
113	449	0.2	1	393 56
114	337	0.2	1	302 35
115	328	0.2	1	287 41
116	244	0.2	1	215 29
117	213	0.2	1	194 19
118	208	0.2	1	176 32
119	210	0.2	1	175 35
120	168	0.2	1	136 32
121	165	0.2	1	128 37
122	119	0.2	1	94 25
123	113	0.2	1	89 24
124	95	0.2	1	65 30
125	111	0.2	1	84 27
126	56	0.2	1	40 16
127	57	0.2	1	39 18
128	49	0.2	1	36 13
129	62	0.2	1	42 20
130	55	0.2	1	36 19
131	49	0.2	1	24 25
132	31	0.2	1	22 9
133	42	0.2	1	34 8
134	41	0.2	1	36 5
135	31	0.2	1	26 5
136	20	0.2	1	16 4
137	30	0.2	1	21 9
138	21	0.2	1	17 4
139	27	0.2	1	21 6
140	35	0.2	1	32 3
141	41	0.2	1	39 2
142	30	0.2	1	26 4
143	25	0.2	1	20 5
144	19	0.2	1	16 3
145	38	0.2	1	34 4
146	57	0.2	1	53 4
147	42	0.2	1	40 2
148	100	0.2	1	93 7
149	35	0.2	1	24 11
150	80381	0.2	1	29 80352


RUN STATISTICS FOR INPUT FILE: ./data_raw/G.1.fastq.gz
=============================================
16509329 sequences processed in total

