
SUMMARISING RUN PARAMETERS
==========================
Input filename: ./data_raw/G.2.fastq.gz
Trimming mode: paired-end
Trim Galore version: 0.4.2
Cutadapt version: 1.11
Quality Phred score cutoff: 20
Quality encoding type selected: ASCII+33
Adapter sequence: 'AGATCGGAAGAGC' (Illumina TruSeq, Sanger iPCR; auto-detected)
Maximum trimming error rate: 0.1 (default)
Minimum required adapter overlap (stringency): 1 bp
Minimum required sequence length for both reads before a sequence pair gets removed: 20 bp
Length cut-off for read 1: 35 bp (default)
Length cut-off for read 2: 35 bp (default)
Output file will be GZIP compressed


This is cutadapt 1.11 with Python 2.7.12
Command line parameters: -f fastq -e 0.1 -q 20 -O 1 -a AGATCGGAAGAGC ./data_raw/G.2.fastq.gz
Trimming 1 adapter with at most 10.0% errors in single-end mode ...
Finished in 646.62 s (39 us/read; 1.53 M reads/minute).

=== Summary ===

Total reads processed:              16,509,329
Reads with adapters:                10,198,697 (61.8%)
Reads written (passing filters):    16,509,329 (100.0%)

Total basepairs processed: 2,476,399,350 bp
Quality-trimmed:             246,746,747 bp (10.0%)
Total written (filtered):  1,982,736,446 bp (80.1%)

=== Adapter 1 ===

Sequence: AGATCGGAAGAGC; Type: regular 3'; Length: 13; Trimmed: 10198697 times.

No. of allowed errors:
0-9 bp: 0; 10-13 bp: 1

Bases preceding removed adapters:
  A: 18.2%
  C: 32.5%
  G: 36.1%
  T: 13.0%
  none/other: 0.2%

Overview of removed sequences
length	count	expect	max.err	error counts
1	2251770	4127332.2	0	2251770
2	569552	1031833.1	0	569552
3	333502	257958.3	0	333502
4	140762	64489.6	0	140762
5	140358	16122.4	0	140358
6	84117	4030.6	0	84117
7	87730	1007.6	0	87730
8	111598	251.9	0	111598
9	150561	63.0	0	150398 163
10	137998	15.7	1	131748 6250
11	93907	3.9	1	85559 8348
12	81077	1.0	1	74660 6417
13	117391	0.2	1	110672 6719
14	106906	0.2	1	101512 5394
15	96511	0.2	1	91727 4784
16	127511	0.2	1	119513 7998
17	136744	0.2	1	129530 7214
18	161179	0.2	1	153644 7535
19	114644	0.2	1	108692 5952
20	164919	0.2	1	157968 6951
21	73398	0.2	1	68463 4935
22	74805	0.2	1	72126 2679
23	95192	0.2	1	91464 3728
24	125063	0.2	1	119988 5075
25	121346	0.2	1	115973 5373
26	124930	0.2	1	119074 5856
27	196867	0.2	1	187077 9790
28	71454	0.2	1	68084 3370
29	165341	0.2	1	154631 10710
30	100376	0.2	1	96270 4106
31	168485	0.2	1	162439 6046
32	70505	0.2	1	67171 3334
33	117662	0.2	1	112643 5019
34	230647	0.2	1	223195 7452
35	55504	0.2	1	52333 3171
36	147924	0.2	1	141792 6132
37	48645	0.2	1	46545 2100
38	134195	0.2	1	126542 7653
39	129527	0.2	1	124021 5506
40	248281	0.2	1	240548 7733
41	67717	0.2	1	63574 4143
42	52778	0.2	1	50525 2253
43	152493	0.2	1	148301 4192
44	44361	0.2	1	42275 2086
45	189530	0.2	1	184586 4944
46	109618	0.2	1	105457 4161
47	77937	0.2	1	75707 2230
48	99048	0.2	1	94137 4911
49	156407	0.2	1	151501 4906
50	36919	0.2	1	34882 2037
51	113554	0.2	1	110055 3499
52	45845	0.2	1	44027 1818
53	79185	0.2	1	77315 1870
54	87554	0.2	1	85548 2006
55	85732	0.2	1	83294 2438
56	65555	0.2	1	63849 1706
57	76279	0.2	1	74271 2008
58	102121	0.2	1	99449 2672
59	38819	0.2	1	37419 1400
60	73198	0.2	1	71602 1596
61	41994	0.2	1	40634 1360
62	46117	0.2	1	44604 1513
63	58563	0.2	1	57237 1326
64	59078	0.2	1	57592 1486
65	24356	0.2	1	23310 1046
66	55790	0.2	1	54498 1292
67	11422	0.2	1	10880 542
68	40836	0.2	1	39494 1342
69	34378	0.2	1	33328 1050
70	68204	0.2	1	66610 1594
71	11961	0.2	1	11551 410
72	20428	0.2	1	19782 646
73	21386	0.2	1	20765 621
74	21556	0.2	1	20895 661
75	23240	0.2	1	22571 669
76	30812	0.2	1	29979 833
77	55483	0.2	1	54159 1324
78	52961	0.2	1	51125 1836
79	17424	0.2	1	16244 1180
80	4363	0.2	1	3791 572
81	370	0.2	1	309 61
82	375	0.2	1	358 17
83	788	0.2	1	761 27
84	1523	0.2	1	1493 30
85	2403	0.2	1	2365 38
86	3316	0.2	1	3258 58
87	3687	0.2	1	3616 71
88	3318	0.2	1	3252 66
89	2502	0.2	1	2445 57
90	2112	0.2	1	2061 51
91	1854	0.2	1	1794 60
92	1637	0.2	1	1610 27
93	1380	0.2	1	1338 42
94	1139	0.2	1	1106 33
95	950	0.2	1	906 44
96	924	0.2	1	895 29
97	856	0.2	1	826 30
98	799	0.2	1	775 24
99	666	0.2	1	642 24
100	621	0.2	1	601 20
101	511	0.2	1	489 22
102	406	0.2	1	387 19
103	307	0.2	1	290 17
104	268	0.2	1	259 9
105	196	0.2	1	186 10
106	221	0.2	1	205 16
107	156	0.2	1	143 13
108	160	0.2	1	153 7
109	167	0.2	1	153 14
110	140	0.2	1	127 13
111	104	0.2	1	91 13
112	86	0.2	1	81 5
113	79	0.2	1	68 11
114	81	0.2	1	69 12
115	64	0.2	1	58 6
116	53	0.2	1	42 11
117	51	0.2	1	43 8
118	53	0.2	1	45 8
119	60	0.2	1	45 15
120	44	0.2	1	37 7
121	47	0.2	1	32 15
122	27	0.2	1	17 10
123	29	0.2	1	23 6
124	37	0.2	1	30 7
125	32	0.2	1	24 8
126	26	0.2	1	23 3
127	27	0.2	1	13 14
128	19	0.2	1	11 8
129	12	0.2	1	7 5
130	8	0.2	1	6 2
131	14	0.2	1	8 6
132	9	0.2	1	6 3
133	10	0.2	1	9 1
134	5	0.2	1	3 2
135	5	0.2	1	2 3
136	4	0.2	1	3 1
137	5	0.2	1	3 2
138	4	0.2	1	3 1
139	2	0.2	1	2
140	6	0.2	1	4 2
141	4	0.2	1	3 1
142	3	0.2	1	2 1
143	3	0.2	1	1 2
144	2	0.2	1	0 2
145	4	0.2	1	3 1
146	13	0.2	1	11 2
147	8	0.2	1	7 1
148	12	0.2	1	10 2
149	5	0.2	1	2 3
150	2	0.2	1	2


RUN STATISTICS FOR INPUT FILE: ./data_raw/G.2.fastq.gz
=============================================
16509329 sequences processed in total

Total number of sequences analysed for the sequence pair length validation: 16509329

Number of sequence pairs removed because at least one read was shorter than the length cutoff (20 bp): 1084101 (6.57%)
