
SUMMARISING RUN PARAMETERS
==========================
Input filename: ./data_raw/H.1.fastq.gz
Trimming mode: paired-end
Trim Galore version: 0.4.2
Cutadapt version: 1.11
Quality Phred score cutoff: 20
Quality encoding type selected: ASCII+33
Adapter sequence: 'AGATCGGAAGAGC' (Illumina TruSeq, Sanger iPCR; auto-detected)
Maximum trimming error rate: 0.1 (default)
Minimum required adapter overlap (stringency): 1 bp
Minimum required sequence length for both reads before a sequence pair gets removed: 20 bp
Length cut-off for read 1: 35 bp (default)
Length cut-off for read 2: 35 bp (default)
Output file will be GZIP compressed


This is cutadapt 1.11 with Python 2.7.12
Command line parameters: -f fastq -e 0.1 -q 20 -O 1 -a AGATCGGAAGAGC ./data_raw/H.1.fastq.gz
Trimming 1 adapter with at most 10.0% errors in single-end mode ...
Finished in 626.22 s (40 us/read; 1.52 M reads/minute).

=== Summary ===

Total reads processed:              15,816,920
Reads with adapters:                10,158,763 (64.2%)
Reads written (passing filters):    15,816,920 (100.0%)

Total basepairs processed: 2,372,538,000 bp
Quality-trimmed:              79,761,885 bp (3.4%)
Total written (filtered):  2,021,355,088 bp (85.2%)

=== Adapter 1 ===

Sequence: AGATCGGAAGAGC; Type: regular 3'; Length: 13; Trimmed: 10158763 times.

No. of allowed errors:
0-9 bp: 0; 10-13 bp: 1

Bases preceding removed adapters:
  A: 17.9%
  C: 32.7%
  G: 30.8%
  T: 17.0%
  none/other: 1.7%

Overview of removed sequences
length	count	expect	max.err	error counts
1	1935150	3954230.0	0	1935150
2	652037	988557.5	0	652037
3	273574	247139.4	0	273574
4	140588	61784.8	0	140588
5	100070	15446.2	0	100070
6	83921	3861.6	0	83921
7	83421	965.4	0	83421
8	100903	241.3	0	100903
9	131930	60.3	0	131714 216
10	144652	15.1	1	134415 10237
11	101352	3.8	1	92331 9021
12	103894	0.9	1	94752 9142
13	127580	0.2	1	117911 9669
14	92448	0.2	1	84782 7666
15	131256	0.2	1	121860 9396
16	67552	0.2	1	61177 6375
17	110843	0.2	1	102383 8460
18	98943	0.2	1	92151 6792
19	116649	0.2	1	108293 8356
20	91930	0.2	1	85260 6670
21	122404	0.2	1	113570 8834
22	128344	0.2	1	118690 9654
23	121181	0.2	1	112242 8939
24	118769	0.2	1	109311 9458
25	116689	0.2	1	108313 8376
26	95511	0.2	1	88137 7374
27	123640	0.2	1	114704 8936
28	113388	0.2	1	105786 7602
29	123763	0.2	1	114714 9049
30	109380	0.2	1	101502 7878
31	137698	0.2	1	127571 10127
32	138331	0.2	1	128512 9819
33	105369	0.2	1	97172 8197
34	145351	0.2	1	135380 9971
35	80189	0.2	1	74528 5661
36	120535	0.2	1	111642 8893
37	134021	0.2	1	123374 10647
38	133789	0.2	1	123350 10439
39	176701	0.2	1	162736 13965
40	128590	0.2	1	118997 9593
41	176056	0.2	1	162838 13218
42	313184	0.2	1	290936 22248
43	305997	0.2	1	283870 22127
44	222840	0.2	1	206529 16311
45	107336	0.2	1	100184 7152
46	54810	0.2	1	50916 3894
47	45087	0.2	1	40794 4293
48	70314	0.2	1	65675 4639
49	122752	0.2	1	115288 7464
50	32819	0.2	1	29591 3228
51	132685	0.2	1	123650 9035
52	98290	0.2	1	91740 6550
53	58723	0.2	1	54594 4129
54	66035	0.2	1	61449 4586
55	109299	0.2	1	102033 7266
56	68166	0.2	1	63878 4288
57	16954	0.2	1	15677 1277
58	52368	0.2	1	49069 3299
59	110105	0.2	1	103176 6929
60	16788	0.2	1	15485 1303
61	45773	0.2	1	42845 2928
62	64222	0.2	1	60111 4111
63	13855	0.2	1	12845 1010
64	36222	0.2	1	33892 2330
65	57650	0.2	1	54026 3624
66	22961	0.2	1	21342 1619
67	27204	0.2	1	25392 1812
68	32386	0.2	1	30241 2145
69	29001	0.2	1	26948 2053
70	28771	0.2	1	26637 2134
71	30857	0.2	1	27312 3545
72	42409	0.2	1	35257 7152
73	55547	0.2	1	45383 10164
74	67932	0.2	1	51063 16869
75	46803	0.2	1	40696 6107
76	4181	0.2	1	3755 426
77	219	0.2	1	187 32
78	1105	0.2	1	1023 82
79	3612	0.2	1	3366 246
80	5779	0.2	1	5422 357
81	6932	0.2	1	6477 455
82	7631	0.2	1	7137 494
83	7497	0.2	1	6979 518
84	7412	0.2	1	6864 548
85	7112	0.2	1	6651 461
86	6892	0.2	1	6422 470
87	6533	0.2	1	6115 418
88	5846	0.2	1	5401 445
89	5477	0.2	1	5119 358
90	5033	0.2	1	4692 341
91	4384	0.2	1	4113 271
92	3926	0.2	1	3634 292
93	3399	0.2	1	3181 218
94	2868	0.2	1	2664 204
95	2670	0.2	1	2472 198
96	2538	0.2	1	2341 197
97	2359	0.2	1	2214 145
98	2220	0.2	1	2071 149
99	2046	0.2	1	1920 126
100	1825	0.2	1	1695 130
101	1612	0.2	1	1495 117
102	1259	0.2	1	1157 102
103	1080	0.2	1	1003 77
104	882	0.2	1	813 69
105	794	0.2	1	736 58
106	650	0.2	1	586 64
107	670	0.2	1	586 84
108	585	0.2	1	516 69
109	571	0.2	1	525 46
110	467	0.2	1	422 45
111	378	0.2	1	346 32
112	324	0.2	1	273 51
113	334	0.2	1	293 41
114	246	0.2	1	201 45
115	251	0.2	1	208 43
116	185	0.2	1	150 35
117	186	0.2	1	155 31
118	169	0.2	1	141 28
119	158	0.2	1	127 31
120	132	0.2	1	99 33
121	145	0.2	1	102 43
122	112	0.2	1	83 29
123	143	0.2	1	108 35
124	89	0.2	1	69 20
125	129	0.2	1	78 51
126	84	0.2	1	49 35
127	99	0.2	1	76 23
128	61	0.2	1	37 24
129	68	0.2	1	48 20
130	46	0.2	1	32 14
131	56	0.2	1	34 22
132	33	0.2	1	25 8
133	35	0.2	1	29 6
134	44	0.2	1	38 6
135	33	0.2	1	28 5
136	24	0.2	1	17 7
137	26	0.2	1	23 3
138	28	0.2	1	22 6
139	23	0.2	1	18 5
140	18	0.2	1	12 6
141	29	0.2	1	28 1
142	38	0.2	1	20 18
143	21	0.2	1	20 1
144	13	0.2	1	12 1
145	74	0.2	1	66 8
146	71	0.2	1	71
147	56	0.2	1	53 3
148	116	0.2	1	111 5
149	42	0.2	1	37 5
150	92041	0.2	1	25 92016


RUN STATISTICS FOR INPUT FILE: ./data_raw/H.1.fastq.gz
=============================================
15816920 sequences processed in total

