
SUMMARISING RUN PARAMETERS
==========================
Input filename: ./data_raw/H.2.fastq.gz
Trimming mode: paired-end
Trim Galore version: 0.4.2
Cutadapt version: 1.11
Quality Phred score cutoff: 20
Quality encoding type selected: ASCII+33
Adapter sequence: 'AGATCGGAAGAGC' (Illumina TruSeq, Sanger iPCR; auto-detected)
Maximum trimming error rate: 0.1 (default)
Minimum required adapter overlap (stringency): 1 bp
Minimum required sequence length for both reads before a sequence pair gets removed: 20 bp
Length cut-off for read 1: 35 bp (default)
Length cut-off for read 2: 35 bp (default)
Output file will be GZIP compressed


This is cutadapt 1.11 with Python 2.7.12
Command line parameters: -f fastq -e 0.1 -q 20 -O 1 -a AGATCGGAAGAGC ./data_raw/H.2.fastq.gz
Trimming 1 adapter with at most 10.0% errors in single-end mode ...
Finished in 623.06 s (39 us/read; 1.52 M reads/minute).

=== Summary ===

Total reads processed:              15,816,920
Reads with adapters:                 9,733,749 (61.5%)
Reads written (passing filters):    15,816,920 (100.0%)

Total basepairs processed: 2,372,538,000 bp
Quality-trimmed:             240,255,539 bp (10.1%)
Total written (filtered):  1,907,564,981 bp (80.4%)

=== Adapter 1 ===

Sequence: AGATCGGAAGAGC; Type: regular 3'; Length: 13; Trimmed: 9733749 times.

No. of allowed errors:
0-9 bp: 0; 10-13 bp: 1

Bases preceding removed adapters:
  A: 18.0%
  C: 33.2%
  G: 36.2%
  T: 12.3%
  none/other: 0.2%

Overview of removed sequences
length	count	expect	max.err	error counts
1	2139221	3954230.0	0	2139221
2	607711	988557.5	0	607711
3	302497	247139.4	0	302497
4	122862	61784.8	0	122862
5	129348	15446.2	0	129348
6	76025	3861.6	0	76025
7	79764	965.4	0	79764
8	107718	241.3	0	107718
9	139400	60.3	0	139065 335
10	145403	15.1	1	138058 7345
11	76632	3.8	1	68557 8075
12	77238	0.9	1	70629 6609
13	102700	0.2	1	95694 7006
14	103382	0.2	1	97408 5974
15	89259	0.2	1	84075 5184
16	116185	0.2	1	107638 8547
17	133461	0.2	1	125042 8419
18	144399	0.2	1	136511 7888
19	121763	0.2	1	114438 7325
20	135453	0.2	1	129044 6409
21	65026	0.2	1	59670 5356
22	83194	0.2	1	79640 3554
23	89811	0.2	1	85297 4514
24	136394	0.2	1	129319 7075
25	91787	0.2	1	86781 5006
26	130497	0.2	1	123002 7495
27	199342	0.2	1	187390 11952
28	116171	0.2	1	110370 5801
29	126149	0.2	1	114984 11165
30	116974	0.2	1	111144 5830
31	144456	0.2	1	137924 6532
32	87922	0.2	1	83022 4900
33	108923	0.2	1	103408 5515
34	236788	0.2	1	228006 8782
35	71978	0.2	1	68377 3601
36	144391	0.2	1	136708 7683
37	173413	0.2	1	168186 5227
38	58174	0.2	1	53211 4963
39	86134	0.2	1	82489 3645
40	114913	0.2	1	109842 5071
41	163262	0.2	1	156684 6578
42	176571	0.2	1	171217 5354
43	133993	0.2	1	128895 5098
44	461709	0.2	1	452722 8987
45	147851	0.2	1	142549 5302
46	95528	0.2	1	90847 4681
47	109130	0.2	1	105851 3279
48	47094	0.2	1	43822 3272
49	85407	0.2	1	82225 3182
50	30766	0.2	1	29259 1507
51	49818	0.2	1	47881 1937
52	25806	0.2	1	24587 1219
53	35885	0.2	1	34722 1163
54	76124	0.2	1	74196 1928
55	33839	0.2	1	32581 1258
56	44245	0.2	1	42903 1342
57	115145	0.2	1	112566 2579
58	50413	0.2	1	48723 1690
59	20015	0.2	1	19138 877
60	58851	0.2	1	57515 1336
61	22077	0.2	1	21197 880
62	32042	0.2	1	30767 1275
63	55458	0.2	1	54131 1327
64	23882	0.2	1	23023 859
65	12521	0.2	1	11872 649
66	27315	0.2	1	26475 840
67	7301	0.2	1	6966 335
68	19428	0.2	1	18591 837
69	15735	0.2	1	15264 471
70	36597	0.2	1	35673 924
71	5132	0.2	1	4891 241
72	9998	0.2	1	9606 392
73	12405	0.2	1	11971 434
74	13682	0.2	1	13240 442
75	15150	0.2	1	14652 498
76	18884	0.2	1	18309 575
77	33122	0.2	1	32242 880
78	36713	0.2	1	35454 1259
79	13021	0.2	1	12176 845
80	2756	0.2	1	2454 302
81	306	0.2	1	263 43
82	343	0.2	1	324 19
83	714	0.2	1	692 22
84	1467	0.2	1	1431 36
85	2264	0.2	1	2215 49
86	2978	0.2	1	2934 44
87	3028	0.2	1	2962 66
88	2563	0.2	1	2508 55
89	1745	0.2	1	1699 46
90	1539	0.2	1	1494 45
91	1237	0.2	1	1210 27
92	1077	0.2	1	1059 18
93	875	0.2	1	855 20
94	688	0.2	1	668 20
95	632	0.2	1	614 18
96	561	0.2	1	537 24
97	511	0.2	1	500 11
98	473	0.2	1	464 9
99	420	0.2	1	403 17
100	353	0.2	1	336 17
101	299	0.2	1	291 8
102	206	0.2	1	198 8
103	170	0.2	1	161 9
104	160	0.2	1	149 11
105	148	0.2	1	134 14
106	116	0.2	1	111 5
107	117	0.2	1	104 13
108	100	0.2	1	94 6
109	100	0.2	1	85 15
110	87	0.2	1	78 9
111	66	0.2	1	58 8
112	68	0.2	1	65 3
113	62	0.2	1	53 9
114	56	0.2	1	45 11
115	49	0.2	1	36 13
116	37	0.2	1	28 9
117	41	0.2	1	32 9
118	48	0.2	1	29 19
119	44	0.2	1	27 17
120	41	0.2	1	30 11
121	46	0.2	1	35 11
122	30	0.2	1	21 9
123	57	0.2	1	34 23
124	26	0.2	1	17 9
125	44	0.2	1	24 20
126	38	0.2	1	19 19
127	32	0.2	1	17 15
128	18	0.2	1	12 6
129	10	0.2	1	5 5
130	14	0.2	1	11 3
131	9	0.2	1	8 1
132	5	0.2	1	3 2
133	11	0.2	1	7 4
134	9	0.2	1	7 2
135	6	0.2	1	4 2
136	4	0.2	1	1 3
137	2	0.2	1	1 1
138	9	0.2	1	7 2
139	6	0.2	1	4 2
141	2	0.2	1	0 2
142	3	0.2	1	1 2
143	2	0.2	1	2
144	1	0.2	1	1
145	7	0.2	1	6 1
146	16	0.2	1	15 1
147	6	0.2	1	6
148	10	0.2	1	8 2
149	5	0.2	1	5
150	3	0.2	1	1 2


RUN STATISTICS FOR INPUT FILE: ./data_raw/H.2.fastq.gz
=============================================
15816920 sequences processed in total

Total number of sequences analysed for the sequence pair length validation: 15816920

Number of sequence pairs removed because at least one read was shorter than the length cutoff (20 bp): 977396 (6.18%)
