
SUMMARISING RUN PARAMETERS
==========================
Input filename: ./data_raw/I.1.fastq.gz
Trimming mode: paired-end
Trim Galore version: 0.4.2
Cutadapt version: 1.11
Quality Phred score cutoff: 20
Quality encoding type selected: ASCII+33
Adapter sequence: 'AGATCGGAAGAGC' (Illumina TruSeq, Sanger iPCR; auto-detected)
Maximum trimming error rate: 0.1 (default)
Minimum required adapter overlap (stringency): 1 bp
Minimum required sequence length for both reads before a sequence pair gets removed: 20 bp
Length cut-off for read 1: 35 bp (default)
Length cut-off for read 2: 35 bp (default)
Output file will be GZIP compressed


This is cutadapt 1.11 with Python 2.7.12
Command line parameters: -f fastq -e 0.1 -q 20 -O 1 -a AGATCGGAAGAGC ./data_raw/I.1.fastq.gz
Trimming 1 adapter with at most 10.0% errors in single-end mode ...
Finished in 851.47 s (40 us/read; 1.50 M reads/minute).

=== Summary ===

Total reads processed:              21,348,992
Reads with adapters:                14,084,620 (66.0%)
Reads written (passing filters):    21,348,992 (100.0%)

Total basepairs processed: 3,202,348,800 bp
Quality-trimmed:              79,598,046 bp (2.5%)
Total written (filtered):  2,718,905,223 bp (84.9%)

=== Adapter 1 ===

Sequence: AGATCGGAAGAGC; Type: regular 3'; Length: 13; Trimmed: 14084620 times.

No. of allowed errors:
0-9 bp: 0; 10-13 bp: 1

Bases preceding removed adapters:
  A: 16.3%
  C: 32.1%
  G: 34.0%
  T: 17.2%
  none/other: 0.4%

Overview of removed sequences
length	count	expect	max.err	error counts
1	2470427	5337248.0	0	2470427
2	849096	1334312.0	0	849096
3	355963	333578.0	0	355963
4	184745	83394.5	0	184745
5	133042	20848.6	0	133042
6	109925	5212.2	0	109925
7	109312	1303.0	0	109312
8	132984	325.8	0	132984
9	170722	81.4	0	170500 222
10	188750	20.4	1	175864 12886
11	130899	5.1	1	119539 11360
12	132972	1.3	1	122444 10528
13	167325	0.3	1	155444 11881
14	121306	0.3	1	111556 9750
15	172684	0.3	1	160624 12060
16	92330	0.3	1	83925 8405
17	146338	0.3	1	135342 10996
18	129393	0.3	1	120875 8518
19	152851	0.3	1	142557 10294
20	120704	0.3	1	112206 8498
21	159765	0.3	1	148532 11233
22	162322	0.3	1	151020 11302
23	161608	0.3	1	150102 11506
24	165868	0.3	1	152547 13321
25	158606	0.3	1	147638 10968
26	145104	0.3	1	134273 10831
27	175926	0.3	1	163625 12301
28	137913	0.3	1	128817 9096
29	197221	0.3	1	183091 14130
30	168136	0.3	1	156635 11501
31	222481	0.3	1	207049 15432
32	133685	0.3	1	124332 9353
33	179323	0.3	1	165054 14269
34	212635	0.3	1	198196 14439
35	108339	0.3	1	100844 7495
36	145389	0.3	1	135198 10191
37	155422	0.3	1	143903 11519
38	142446	0.3	1	131903 10543
39	171681	0.3	1	158793 12888
40	240299	0.3	1	222397 17902
41	328668	0.3	1	306136 22532
42	409303	0.3	1	382629 26674
43	209251	0.3	1	195285 13966
44	75974	0.3	1	70962 5012
45	23568	0.3	1	21939 1629
46	45166	0.3	1	42103 3063
47	89005	0.3	1	83423 5582
48	122802	0.3	1	115309 7493
49	226946	0.3	1	213494 13452
50	65340	0.3	1	60548 4792
51	183059	0.3	1	170615 12444
52	197442	0.3	1	185198 12244
53	142590	0.3	1	133552 9038
54	116185	0.3	1	108743 7442
55	179366	0.3	1	168362 11004
56	150216	0.3	1	141333 8883
57	56670	0.3	1	52905 3765
58	125093	0.3	1	117526 7567
59	208846	0.3	1	196080 12766
60	51005	0.3	1	47683 3322
61	107327	0.3	1	100643 6684
62	152502	0.3	1	143126 9376
63	44540	0.3	1	41660 2880
64	95840	0.3	1	89813 6027
65	122101	0.3	1	114537 7564
66	66579	0.3	1	62342 4237
67	82125	0.3	1	76959 5166
68	81308	0.3	1	76309 4999
69	72562	0.3	1	67854 4708
70	70157	0.3	1	65531 4626
71	73916	0.3	1	68153 5763
72	126346	0.3	1	116905 9441
73	107781	0.3	1	99730 8051
74	112352	0.3	1	103046 9306
75	85293	0.3	1	79320 5973
76	6948	0.3	1	6267 681
77	462	0.3	1	413 49
78	2620	0.3	1	2460 160
79	7997	0.3	1	7525 472
80	12209	0.3	1	11460 749
81	14869	0.3	1	13905 964
82	15857	0.3	1	14908 949
83	16563	0.3	1	15535 1028
84	15747	0.3	1	14748 999
85	14953	0.3	1	14038 915
86	14219	0.3	1	13301 918
87	13232	0.3	1	12355 877
88	11812	0.3	1	11105 707
89	10902	0.3	1	10234 668
90	9695	0.3	1	9108 587
91	8604	0.3	1	8052 552
92	7635	0.3	1	7205 430
93	6262	0.3	1	5877 385
94	5620	0.3	1	5296 324
95	4960	0.3	1	4636 324
96	4490	0.3	1	4205 285
97	4323	0.3	1	4053 270
98	4079	0.3	1	3806 273
99	3603	0.3	1	3362 241
100	3096	0.3	1	2909 187
101	2747	0.3	1	2585 162
102	2261	0.3	1	2082 179
103	1960	0.3	1	1825 135
104	1566	0.3	1	1449 117
105	1437	0.3	1	1329 108
106	1207	0.3	1	1113 94
107	1115	0.3	1	1021 94
108	1114	0.3	1	1009 105
109	935	0.3	1	870 65
110	843	0.3	1	771 72
111	716	0.3	1	655 61
112	599	0.3	1	554 45
113	543	0.3	1	489 54
114	467	0.3	1	409 58
115	412	0.3	1	359 53
116	381	0.3	1	321 60
117	367	0.3	1	320 47
118	297	0.3	1	255 42
119	303	0.3	1	251 52
120	250	0.3	1	202 48
121	227	0.3	1	175 52
122	232	0.3	1	176 56
123	190	0.3	1	139 51
124	151	0.3	1	101 50
125	224	0.3	1	171 53
126	156	0.3	1	110 46
127	160	0.3	1	114 46
128	126	0.3	1	90 36
129	140	0.3	1	107 33
130	75	0.3	1	56 19
131	120	0.3	1	85 35
132	63	0.3	1	47 16
133	87	0.3	1	75 12
134	95	0.3	1	87 8
135	84	0.3	1	82 2
136	69	0.3	1	50 19
137	85	0.3	1	80 5
138	64	0.3	1	56 8
139	44	0.3	1	39 5
140	38	0.3	1	35 3
141	104	0.3	1	102 2
142	61	0.3	1	51 10
143	79	0.3	1	74 5
144	46	0.3	1	42 4
145	196	0.3	1	192 4
146	291	0.3	1	283 8
147	146	0.3	1	142 4
148	599	0.3	1	591 8
149	121	0.3	1	98 23
150	17109	0.3	1	61 17048


RUN STATISTICS FOR INPUT FILE: ./data_raw/I.1.fastq.gz
=============================================
21348992 sequences processed in total

