
SUMMARISING RUN PARAMETERS
==========================
Input filename: ./data_raw/I.2.fastq.gz
Trimming mode: paired-end
Trim Galore version: 0.4.2
Cutadapt version: 1.11
Quality Phred score cutoff: 20
Quality encoding type selected: ASCII+33
Adapter sequence: 'AGATCGGAAGAGC' (Illumina TruSeq, Sanger iPCR; auto-detected)
Maximum trimming error rate: 0.1 (default)
Minimum required adapter overlap (stringency): 1 bp
Minimum required sequence length for both reads before a sequence pair gets removed: 20 bp
Length cut-off for read 1: 35 bp (default)
Length cut-off for read 2: 35 bp (default)
Output file will be GZIP compressed


This is cutadapt 1.11 with Python 2.7.12
Command line parameters: -f fastq -e 0.1 -q 20 -O 1 -a AGATCGGAAGAGC ./data_raw/I.2.fastq.gz
Trimming 1 adapter with at most 10.0% errors in single-end mode ...
Finished in 860.12 s (40 us/read; 1.49 M reads/minute).

=== Summary ===

Total reads processed:              21,348,992
Reads with adapters:                13,517,793 (63.3%)
Reads written (passing filters):    21,348,992 (100.0%)

Total basepairs processed: 3,202,348,800 bp
Quality-trimmed:             264,379,378 bp (8.3%)
Total written (filtered):  2,575,273,672 bp (80.4%)

=== Adapter 1 ===

Sequence: AGATCGGAAGAGC; Type: regular 3'; Length: 13; Trimmed: 13517793 times.

No. of allowed errors:
0-9 bp: 0; 10-13 bp: 1

Bases preceding removed adapters:
  A: 15.6%
  C: 32.8%
  G: 39.2%
  T: 12.2%
  none/other: 0.2%

Overview of removed sequences
length	count	expect	max.err	error counts
1	2611373	5337248.0	0	2611373
2	789303	1334312.0	0	789303
3	369086	333578.0	0	369086
4	167020	83394.5	0	167020
5	168806	20848.6	0	168806
6	99598	5212.2	0	99598
7	108310	1303.0	0	108310
8	145863	325.8	0	145863
9	180479	81.4	0	180230 249
10	191907	20.4	1	182830 9077
11	94363	5.1	1	84310 10053
12	104094	1.3	1	96230 7864
13	127496	0.3	1	119471 8025
14	133771	0.3	1	125948 7823
15	127452	0.3	1	120859 6593
16	150392	0.3	1	140464 9928
17	172591	0.3	1	162763 9828
18	191326	0.3	1	181559 9767
19	157332	0.3	1	148159 9173
20	187548	0.3	1	179240 8308
21	80595	0.3	1	74398 6197
22	118735	0.3	1	114045 4690
23	117418	0.3	1	111747 5671
24	185694	0.3	1	176328 9366
25	119929	0.3	1	113736 6193
26	170472	0.3	1	161527 8945
27	249781	0.3	1	235610 14171
28	159282	0.3	1	152380 6902
29	143369	0.3	1	131639 11730
30	152173	0.3	1	145460 6713
31	201575	0.3	1	193283 8292
32	112665	0.3	1	106184 6481
33	233095	0.3	1	223913 9182
34	174439	0.3	1	163242 11197
35	140732	0.3	1	133988 6744
36	204730	0.3	1	198263 6467
37	184945	0.3	1	178040 6905
38	127161	0.3	1	121629 5532
39	182106	0.3	1	175223 6883
40	109335	0.3	1	104861 4474
41	158651	0.3	1	153818 4833
42	195004	0.3	1	189668 5336
43	138789	0.3	1	134157 4632
44	121800	0.3	1	117404 4396
45	240645	0.3	1	233665 6980
46	121068	0.3	1	115789 5279
47	215037	0.3	1	209551 5486
48	85855	0.3	1	80955 4900
49	200323	0.3	1	194566 5757
50	60892	0.3	1	58124 2768
51	136440	0.3	1	132241 4199
52	76377	0.3	1	73357 3020
53	122713	0.3	1	119380 3333
54	168741	0.3	1	164709 4032
55	98177	0.3	1	95078 3099
56	123017	0.3	1	119604 3413
57	201414	0.3	1	196733 4681
58	132700	0.3	1	128857 3843
59	64039	0.3	1	61666 2373
60	153518	0.3	1	150374 3144
61	63626	0.3	1	61402 2224
62	61684	0.3	1	59362 2322
63	126935	0.3	1	124061 2874
64	92069	0.3	1	89500 2569
65	36930	0.3	1	35326 1604
66	87964	0.3	1	85826 2138
67	26494	0.3	1	25534 960
68	59379	0.3	1	57339 2040
69	64420	0.3	1	62632 1788
70	122656	0.3	1	119825 2831
71	21305	0.3	1	20488 817
72	37922	0.3	1	36767 1155
73	41017	0.3	1	39809 1208
74	42366	0.3	1	41142 1224
75	46328	0.3	1	45001 1327
76	62707	0.3	1	61136 1571
77	104439	0.3	1	101971 2468
78	77285	0.3	1	74461 2824
79	20214	0.3	1	18824 1390
80	3894	0.3	1	3351 543
81	545	0.3	1	488 57
82	873	0.3	1	829 44
83	2257	0.3	1	2206 51
84	4238	0.3	1	4145 93
85	6463	0.3	1	6345 118
86	7811	0.3	1	7657 154
87	7100	0.3	1	6943 157
88	5205	0.3	1	5091 114
89	3516	0.3	1	3425 91
90	2807	0.3	1	2737 70
91	2477	0.3	1	2406 71
92	2000	0.3	1	1954 46
93	1505	0.3	1	1467 38
94	1229	0.3	1	1196 33
95	1067	0.3	1	1030 37
96	935	0.3	1	915 20
97	813	0.3	1	775 38
98	710	0.3	1	675 35
99	666	0.3	1	642 24
100	430	0.3	1	416 14
101	464	0.3	1	436 28
102	378	0.3	1	362 16
103	291	0.3	1	268 23
104	222	0.3	1	203 19
105	220	0.3	1	203 17
106	167	0.3	1	149 18
107	180	0.3	1	162 18
108	158	0.3	1	146 12
109	136	0.3	1	124 12
110	115	0.3	1	98 17
111	100	0.3	1	76 24
112	110	0.3	1	97 13
113	105	0.3	1	83 22
114	87	0.3	1	60 27
115	79	0.3	1	61 18
116	72	0.3	1	56 16
117	89	0.3	1	65 24
118	69	0.3	1	47 22
119	80	0.3	1	57 23
120	73	0.3	1	48 25
121	74	0.3	1	44 30
122	65	0.3	1	50 15
123	70	0.3	1	38 32
124	57	0.3	1	36 21
125	65	0.3	1	43 22
126	56	0.3	1	37 19
127	38	0.3	1	19 19
128	33	0.3	1	24 9
129	42	0.3	1	23 19
130	18	0.3	1	15 3
131	21	0.3	1	14 7
132	13	0.3	1	9 4
133	11	0.3	1	7 4
134	14	0.3	1	10 4
135	9	0.3	1	4 5
136	5	0.3	1	4 1
137	11	0.3	1	8 3
138	8	0.3	1	3 5
139	8	0.3	1	6 2
140	7	0.3	1	4 3
141	11	0.3	1	8 3
142	7	0.3	1	3 4
143	13	0.3	1	7 6
144	7	0.3	1	4 3
145	13	0.3	1	9 4
146	29	0.3	1	26 3
147	14	0.3	1	11 3
148	46	0.3	1	41 5
149	4	0.3	1	3 1
150	7	0.3	1	5 2


RUN STATISTICS FOR INPUT FILE: ./data_raw/I.2.fastq.gz
=============================================
21348992 sequences processed in total

Total number of sequences analysed for the sequence pair length validation: 21348992

Number of sequence pairs removed because at least one read was shorter than the length cutoff (20 bp): 1017726 (4.77%)
