
SUMMARISING RUN PARAMETERS
==========================
Input filename: ./data_raw/J.1.fastq.gz
Trimming mode: paired-end
Trim Galore version: 0.4.2
Cutadapt version: 1.11
Quality Phred score cutoff: 20
Quality encoding type selected: ASCII+33
Adapter sequence: 'AGATCGGAAGAGC' (Illumina TruSeq, Sanger iPCR; auto-detected)
Maximum trimming error rate: 0.1 (default)
Minimum required adapter overlap (stringency): 1 bp
Minimum required sequence length for both reads before a sequence pair gets removed: 20 bp
Length cut-off for read 1: 35 bp (default)
Length cut-off for read 2: 35 bp (default)
Output file will be GZIP compressed


This is cutadapt 1.11 with Python 2.7.12
Command line parameters: -f fastq -e 0.1 -q 20 -O 1 -a AGATCGGAAGAGC ./data_raw/J.1.fastq.gz
Trimming 1 adapter with at most 10.0% errors in single-end mode ...
Finished in 714.65 s (40 us/read; 1.49 M reads/minute).

=== Summary ===

Total reads processed:              17,779,840
Reads with adapters:                11,116,646 (62.5%)
Reads written (passing filters):    17,779,840 (100.0%)

Total basepairs processed: 2,666,976,000 bp
Quality-trimmed:              62,108,635 bp (2.3%)
Total written (filtered):  2,319,678,049 bp (87.0%)

=== Adapter 1 ===

Sequence: AGATCGGAAGAGC; Type: regular 3'; Length: 13; Trimmed: 11116646 times.

No. of allowed errors:
0-9 bp: 0; 10-13 bp: 1

Bases preceding removed adapters:
  A: 18.2%
  C: 32.8%
  G: 31.5%
  T: 16.8%
  none/other: 0.7%

Overview of removed sequences
length	count	expect	max.err	error counts
1	2244550	4444960.0	0	2244550
2	749500	1111240.0	0	749500
3	307803	277810.0	0	307803
4	158662	69452.5	0	158662
5	114886	17363.1	0	114886
6	94608	4340.8	0	94608
7	95223	1085.2	0	95223
8	114828	271.3	0	114828
9	148277	67.8	0	148109 168
10	162764	17.0	1	151468 11296
11	111983	4.2	1	102303 9680
12	113473	1.1	1	104783 8690
13	143839	0.3	1	133301 10538
14	103949	0.3	1	95476 8473
15	147521	0.3	1	136904 10617
16	77441	0.3	1	70360 7081
17	123403	0.3	1	113884 9519
18	109965	0.3	1	102518 7447
19	128977	0.3	1	120033 8944
20	101357	0.3	1	94147 7210
21	134980	0.3	1	125464 9516
22	135831	0.3	1	126199 9632
23	134775	0.3	1	125004 9771
24	137467	0.3	1	126451 11016
25	131474	0.3	1	121923 9551
26	118981	0.3	1	110068 8913
27	144400	0.3	1	134124 10276
28	113524	0.3	1	105957 7567
29	159985	0.3	1	148337 11648
30	136910	0.3	1	127461 9449
31	180912	0.3	1	168063 12849
32	108120	0.3	1	100325 7795
33	141291	0.3	1	130051 11240
34	167708	0.3	1	156044 11664
35	85335	0.3	1	79318 6017
36	113292	0.3	1	105288 8004
37	118634	0.3	1	110140 8494
38	109509	0.3	1	101321 8188
39	130736	0.3	1	121058 9678
40	179388	0.3	1	165903 13485
41	242817	0.3	1	225647 17170
42	305589	0.3	1	284624 20965
43	155765	0.3	1	144926 10839
44	57169	0.3	1	53344 3825
45	17138	0.3	1	15909 1229
46	33267	0.3	1	30986 2281
47	64538	0.3	1	60314 4224
48	88087	0.3	1	82322 5765
49	160543	0.3	1	150654 9889
50	45018	0.3	1	41720 3298
51	125940	0.3	1	117051 8889
52	136247	0.3	1	127410 8837
53	97272	0.3	1	90839 6433
54	78617	0.3	1	73305 5312
55	120168	0.3	1	112389 7779
56	99400	0.3	1	93112 6288
57	37045	0.3	1	34606 2439
58	80678	0.3	1	75596 5082
59	131410	0.3	1	123094 8316
60	31838	0.3	1	29645 2193
61	66342	0.3	1	62156 4186
62	93883	0.3	1	87773 6110
63	27302	0.3	1	25475 1827
64	58434	0.3	1	54375 4059
65	73065	0.3	1	68141 4924
66	39278	0.3	1	36575 2703
67	48228	0.3	1	45226 3002
68	46368	0.3	1	43375 2993
69	40309	0.3	1	37599 2710
70	38040	0.3	1	35359 2681
71	41447	0.3	1	36909 4538
72	68732	0.3	1	61954 6778
73	59172	0.3	1	53273 5899
74	62939	0.3	1	54831 8108
75	46512	0.3	1	42622 3890
76	3705	0.3	1	3307 398
77	236	0.3	1	206 30
78	1401	0.3	1	1313 88
79	4030	0.3	1	3771 259
80	6469	0.3	1	6064 405
81	7618	0.3	1	7148 470
82	8138	0.3	1	7636 502
83	8425	0.3	1	7873 552
84	8098	0.3	1	7546 552
85	7681	0.3	1	7199 482
86	7438	0.3	1	6933 505
87	6997	0.3	1	6536 461
88	6445	0.3	1	6074 371
89	5824	0.3	1	5480 344
90	5184	0.3	1	4861 323
91	4683	0.3	1	4382 301
92	4056	0.3	1	3801 255
93	3348	0.3	1	3128 220
94	2888	0.3	1	2718 170
95	2670	0.3	1	2486 184
96	2456	0.3	1	2288 168
97	2366	0.3	1	2238 128
98	2185	0.3	1	2043 142
99	1945	0.3	1	1816 129
100	1674	0.3	1	1572 102
101	1463	0.3	1	1368 95
102	1291	0.3	1	1191 100
103	988	0.3	1	919 69
104	826	0.3	1	762 64
105	706	0.3	1	655 51
106	622	0.3	1	562 60
107	595	0.3	1	533 62
108	546	0.3	1	481 65
109	513	0.3	1	470 43
110	406	0.3	1	368 38
111	369	0.3	1	333 36
112	291	0.3	1	259 32
113	281	0.3	1	255 26
114	240	0.3	1	211 29
115	199	0.3	1	173 26
116	165	0.3	1	134 31
117	136	0.3	1	123 13
118	151	0.3	1	130 21
119	157	0.3	1	139 18
120	122	0.3	1	96 26
121	113	0.3	1	88 25
122	105	0.3	1	79 26
123	82	0.3	1	57 25
124	74	0.3	1	50 24
125	102	0.3	1	78 24
126	81	0.3	1	56 25
127	77	0.3	1	55 22
128	57	0.3	1	43 14
129	53	0.3	1	33 20
130	39	0.3	1	19 20
131	50	0.3	1	30 20
132	37	0.3	1	29 8
133	33	0.3	1	27 6
134	36	0.3	1	32 4
135	32	0.3	1	28 4
136	26	0.3	1	21 5
137	34	0.3	1	30 4
138	24	0.3	1	22 2
139	23	0.3	1	20 3
140	28	0.3	1	22 6
141	50	0.3	1	45 5
142	29	0.3	1	13 16
143	36	0.3	1	32 4
144	22	0.3	1	20 2
145	69	0.3	1	66 3
146	117	0.3	1	114 3
147	71	0.3	1	69 2
148	215	0.3	1	210 5
149	62	0.3	1	49 13
150	33984	0.3	1	23 33961


RUN STATISTICS FOR INPUT FILE: ./data_raw/J.1.fastq.gz
=============================================
17779840 sequences processed in total

