
SUMMARISING RUN PARAMETERS
==========================
Input filename: ./data_raw/J.2.fastq.gz
Trimming mode: paired-end
Trim Galore version: 0.4.2
Cutadapt version: 1.11
Quality Phred score cutoff: 20
Quality encoding type selected: ASCII+33
Adapter sequence: 'AGATCGGAAGAGC' (Illumina TruSeq, Sanger iPCR; auto-detected)
Maximum trimming error rate: 0.1 (default)
Minimum required adapter overlap (stringency): 1 bp
Minimum required sequence length for both reads before a sequence pair gets removed: 20 bp
Length cut-off for read 1: 35 bp (default)
Length cut-off for read 2: 35 bp (default)
Output file will be GZIP compressed


This is cutadapt 1.11 with Python 2.7.12
Command line parameters: -f fastq -e 0.1 -q 20 -O 1 -a AGATCGGAAGAGC ./data_raw/J.2.fastq.gz
Trimming 1 adapter with at most 10.0% errors in single-end mode ...
Finished in 715.52 s (40 us/read; 1.49 M reads/minute).

=== Summary ===

Total reads processed:              17,779,840
Reads with adapters:                10,697,345 (60.2%)
Reads written (passing filters):    17,779,840 (100.0%)

Total basepairs processed: 2,666,976,000 bp
Quality-trimmed:             223,733,185 bp (8.4%)
Total written (filtered):  2,190,860,830 bp (82.1%)

=== Adapter 1 ===

Sequence: AGATCGGAAGAGC; Type: regular 3'; Length: 13; Trimmed: 10697345 times.

No. of allowed errors:
0-9 bp: 0; 10-13 bp: 1

Bases preceding removed adapters:
  A: 17.7%
  C: 32.7%
  G: 36.9%
  T: 12.5%
  none/other: 0.2%

Overview of removed sequences
length	count	expect	max.err	error counts
1	2390839	4444960.0	0	2390839
2	698503	1111240.0	0	698503
3	324680	277810.0	0	324680
4	150807	69452.5	0	150807
5	147009	17363.1	0	147009
6	85793	4340.8	0	85793
7	95322	1085.2	0	95322
8	125392	271.3	0	125392
9	155188	67.8	0	154971 217
10	160992	17.0	1	153808 7184
11	81095	4.2	1	73483 7612
12	87876	1.1	1	81619 6257
13	108834	0.3	1	102471 6363
14	113024	0.3	1	107008 6016
15	107379	0.3	1	102219 5160
16	127131	0.3	1	119228 7903
17	145373	0.3	1	137699 7674
18	162505	0.3	1	154488 8017
19	135812	0.3	1	128521 7291
20	161065	0.3	1	154119 6946
21	65056	0.3	1	60339 4717
22	94252	0.3	1	90673 3579
23	96053	0.3	1	91864 4189
24	149509	0.3	1	142951 6558
25	108337	0.3	1	103204 5133
26	137409	0.3	1	130638 6771
27	189715	0.3	1	179629 10086
28	107306	0.3	1	102751 4555
29	130335	0.3	1	120900 9435
30	133910	0.3	1	128671 5239
31	158241	0.3	1	151860 6381
32	92530	0.3	1	88283 4247
33	181327	0.3	1	174602 6725
34	78266	0.3	1	73173 5093
35	98969	0.3	1	95377 3592
36	189957	0.3	1	184095 5862
37	86156	0.3	1	81150 5006
38	184396	0.3	1	178372 6024
39	79735	0.3	1	74476 5259
40	88226	0.3	1	85136 3090
41	130972	0.3	1	126494 4478
42	161277	0.3	1	156456 4821
43	119213	0.3	1	115186 4027
44	111547	0.3	1	107426 4121
45	188101	0.3	1	182312 5789
46	88644	0.3	1	84687 3957
47	143239	0.3	1	139366 3873
48	53458	0.3	1	50016 3442
49	142290	0.3	1	137923 4367
50	37148	0.3	1	35351 1797
51	100692	0.3	1	97406 3286
52	42287	0.3	1	40433 1854
53	81682	0.3	1	79427 2255
54	113301	0.3	1	110642 2659
55	65683	0.3	1	63415 2268
56	77568	0.3	1	75485 2083
57	135480	0.3	1	132418 3062
58	84047	0.3	1	81541 2506
59	35943	0.3	1	34600 1343
60	100704	0.3	1	98714 1990
61	33460	0.3	1	32210 1250
62	34160	0.3	1	32836 1324
63	77305	0.3	1	75594 1711
64	51153	0.3	1	49611 1542
65	18917	0.3	1	18047 870
66	52321	0.3	1	50997 1324
67	13033	0.3	1	12534 499
68	30618	0.3	1	29457 1161
69	34168	0.3	1	33208 960
70	68195	0.3	1	66648 1547
71	10466	0.3	1	10044 422
72	19156	0.3	1	18540 616
73	20932	0.3	1	20240 692
74	21257	0.3	1	20586 671
75	23540	0.3	1	22876 664
76	32337	0.3	1	31600 737
77	51716	0.3	1	50384 1332
78	36886	0.3	1	35471 1415
79	9586	0.3	1	8852 734
80	1825	0.3	1	1598 227
81	268	0.3	1	228 40
82	363	0.3	1	342 21
83	966	0.3	1	937 29
84	1866	0.3	1	1828 38
85	2884	0.3	1	2818 66
86	3748	0.3	1	3670 78
87	3554	0.3	1	3487 67
88	2802	0.3	1	2738 64
89	1848	0.3	1	1802 46
90	1577	0.3	1	1537 40
91	1359	0.3	1	1318 41
92	1117	0.3	1	1083 34
93	880	0.3	1	851 29
94	707	0.3	1	687 20
95	617	0.3	1	599 18
96	505	0.3	1	487 18
97	459	0.3	1	442 17
98	433	0.3	1	415 18
99	354	0.3	1	336 18
100	307	0.3	1	297 10
101	252	0.3	1	242 10
102	199	0.3	1	189 10
103	154	0.3	1	142 12
104	142	0.3	1	131 11
105	134	0.3	1	123 11
106	99	0.3	1	88 11
107	93	0.3	1	82 11
108	86	0.3	1	79 7
109	85	0.3	1	69 16
110	64	0.3	1	57 7
111	64	0.3	1	54 10
112	57	0.3	1	38 19
113	52	0.3	1	42 10
114	53	0.3	1	43 10
115	39	0.3	1	28 11
116	39	0.3	1	31 8
117	43	0.3	1	31 12
118	38	0.3	1	29 9
119	42	0.3	1	31 11
120	36	0.3	1	22 14
121	32	0.3	1	20 12
122	43	0.3	1	33 10
123	38	0.3	1	21 17
124	25	0.3	1	18 7
125	25	0.3	1	16 9
126	24	0.3	1	17 7
127	30	0.3	1	22 8
128	16	0.3	1	10 6
129	13	0.3	1	8 5
130	8	0.3	1	2 6
131	7	0.3	1	3 4
132	8	0.3	1	3 5
133	9	0.3	1	2 7
134	4	0.3	1	3 1
135	3	0.3	1	1 2
136	5	0.3	1	3 2
137	8	0.3	1	4 4
138	3	0.3	1	3
139	1	0.3	1	1
140	3	0.3	1	1 2
141	4	0.3	1	4
143	5	0.3	1	3 2
144	2	0.3	1	1 1
145	8	0.3	1	8
146	7	0.3	1	6 1
147	2	0.3	1	2
148	11	0.3	1	11
149	4	0.3	1	2 2
150	1	0.3	1	1


RUN STATISTICS FOR INPUT FILE: ./data_raw/J.2.fastq.gz
=============================================
17779840 sequences processed in total

Total number of sequences analysed for the sequence pair length validation: 17779840

Number of sequence pairs removed because at least one read was shorter than the length cutoff (20 bp): 924352 (5.20%)
