
SUMMARISING RUN PARAMETERS
==========================
Input filename: ./data_raw/K.1.fastq.gz
Trimming mode: paired-end
Trim Galore version: 0.4.2
Cutadapt version: 1.11
Quality Phred score cutoff: 20
Quality encoding type selected: ASCII+33
Adapter sequence: 'AGATCGGAAGAGC' (Illumina TruSeq, Sanger iPCR; auto-detected)
Maximum trimming error rate: 0.1 (default)
Minimum required adapter overlap (stringency): 1 bp
Minimum required sequence length for both reads before a sequence pair gets removed: 20 bp
Length cut-off for read 1: 35 bp (default)
Length cut-off for read 2: 35 bp (default)
Output file will be GZIP compressed


This is cutadapt 1.11 with Python 2.7.12
Command line parameters: -f fastq -e 0.1 -q 20 -O 1 -a AGATCGGAAGAGC ./data_raw/K.1.fastq.gz
Trimming 1 adapter with at most 10.0% errors in single-end mode ...
Finished in 660.82 s (40 us/read; 1.49 M reads/minute).

=== Summary ===

Total reads processed:              16,432,126
Reads with adapters:                10,993,042 (66.9%)
Reads written (passing filters):    16,432,126 (100.0%)

Total basepairs processed: 2,464,818,900 bp
Quality-trimmed:              66,099,077 bp (2.7%)
Total written (filtered):  2,079,971,406 bp (84.4%)

=== Adapter 1 ===

Sequence: AGATCGGAAGAGC; Type: regular 3'; Length: 13; Trimmed: 10993042 times.

No. of allowed errors:
0-9 bp: 0; 10-13 bp: 1

Bases preceding removed adapters:
  A: 16.4%
  C: 32.6%
  G: 33.0%
  T: 17.5%
  none/other: 0.5%

Overview of removed sequences
length	count	expect	max.err	error counts
1	1865428	4108031.5	0	1865428
2	628658	1027007.9	0	628658
3	266995	256752.0	0	266995
4	142023	64188.0	0	142023
5	102563	16047.0	0	102563
6	84814	4011.7	0	84814
7	85751	1002.9	0	85751
8	103548	250.7	0	103548
9	133914	62.7	0	133759 155
10	150249	15.7	1	137763 12486
11	103582	3.9	1	93225 10357
12	105820	1.0	1	95841 9979
13	133016	0.2	1	121433 11583
14	96824	0.2	1	87212 9612
15	137454	0.2	1	125555 11899
16	73073	0.2	1	65262 7811
17	116088	0.2	1	105842 10246
18	104465	0.2	1	95973 8492
19	123345	0.2	1	113372 9973
20	96494	0.2	1	88195 8299
21	127988	0.2	1	117189 10799
22	129702	0.2	1	118662 11040
23	129018	0.2	1	118034 10984
24	131873	0.2	1	119029 12844
25	125614	0.2	1	114985 10629
26	115476	0.2	1	105214 10262
27	140574	0.2	1	128863 11711
28	110205	0.2	1	101396 8809
29	158064	0.2	1	144620 13444
30	134425	0.2	1	123233 11192
31	178189	0.2	1	163308 14881
32	107803	0.2	1	98666 9137
33	143656	0.2	1	130066 13590
34	167492	0.2	1	153660 13832
35	86716	0.2	1	79352 7364
36	115539	0.2	1	105479 10060
37	123571	0.2	1	112657 10914
38	113604	0.2	1	103491 10113
39	136446	0.2	1	124616 11830
40	191052	0.2	1	174380 16672
41	260627	0.2	1	239071 21556
42	326994	0.2	1	300725 26269
43	165616	0.2	1	152354 13262
44	61247	0.2	1	56346 4901
45	18419	0.2	1	16855 1564
46	35662	0.2	1	32830 2832
47	69877	0.2	1	64666 5211
48	97364	0.2	1	90008 7356
49	178337	0.2	1	165439 12898
50	50608	0.2	1	46243 4365
51	144046	0.2	1	132243 11803
52	156818	0.2	1	144589 12229
53	112960	0.2	1	104213 8747
54	91123	0.2	1	83875 7248
55	141414	0.2	1	130683 10731
56	118569	0.2	1	109575 8994
57	44154	0.2	1	40606 3548
58	98033	0.2	1	90754 7279
59	162518	0.2	1	150191 12327
60	39409	0.2	1	36137 3272
61	83015	0.2	1	76798 6217
62	118889	0.2	1	109851 9038
63	34421	0.2	1	31714 2707
64	74615	0.2	1	68927 5688
65	95514	0.2	1	88184 7330
66	51385	0.2	1	47402 3983
67	63556	0.2	1	58663 4893
68	62771	0.2	1	57938 4833
69	55386	0.2	1	50962 4424
70	52751	0.2	1	48522 4229
71	56524	0.2	1	51442 5082
72	97339	0.2	1	88821 8518
73	83394	0.2	1	75922 7472
74	86884	0.2	1	78418 8466
75	67377	0.2	1	61799 5578
76	5627	0.2	1	4957 670
77	353	0.2	1	313 40
78	2053	0.2	1	1875 178
79	6250	0.2	1	5801 449
80	9646	0.2	1	8958 688
81	11422	0.2	1	10548 874
82	12376	0.2	1	11462 914
83	13063	0.2	1	12092 971
84	12435	0.2	1	11447 988
85	11937	0.2	1	11031 906
86	11716	0.2	1	10856 860
87	10495	0.2	1	9691 804
88	9705	0.2	1	8978 727
89	8730	0.2	1	8061 669
90	8096	0.2	1	7487 609
91	7173	0.2	1	6663 510
92	6204	0.2	1	5744 460
93	5258	0.2	1	4836 422
94	4745	0.2	1	4441 304
95	4257	0.2	1	3942 315
96	3959	0.2	1	3653 306
97	3864	0.2	1	3572 292
98	3654	0.2	1	3397 257
99	3273	0.2	1	3028 245
100	2799	0.2	1	2597 202
101	2568	0.2	1	2368 200
102	2202	0.2	1	2038 164
103	1815	0.2	1	1665 150
104	1506	0.2	1	1382 124
105	1355	0.2	1	1242 113
106	1218	0.2	1	1113 105
107	1107	0.2	1	986 121
108	1097	0.2	1	1007 90
109	1036	0.2	1	959 77
110	887	0.2	1	821 66
111	717	0.2	1	648 69
112	614	0.2	1	549 65
113	533	0.2	1	471 62
114	451	0.2	1	404 47
115	413	0.2	1	363 50
116	350	0.2	1	305 45
117	314	0.2	1	267 47
118	279	0.2	1	237 42
119	260	0.2	1	222 38
120	183	0.2	1	154 29
121	158	0.2	1	132 26
122	178	0.2	1	147 31
123	137	0.2	1	111 26
124	114	0.2	1	89 25
125	128	0.2	1	92 36
126	90	0.2	1	51 39
127	96	0.2	1	73 23
128	88	0.2	1	68 20
129	75	0.2	1	58 17
130	59	0.2	1	44 15
131	71	0.2	1	51 20
132	30	0.2	1	19 11
133	48	0.2	1	41 7
134	49	0.2	1	42 7
135	39	0.2	1	34 5
136	38	0.2	1	31 7
137	37	0.2	1	30 7
138	20	0.2	1	15 5
139	22	0.2	1	20 2
140	27	0.2	1	24 3
141	78	0.2	1	73 5
142	39	0.2	1	29 10
143	33	0.2	1	30 3
144	25	0.2	1	22 3
145	115	0.2	1	113 2
146	180	0.2	1	179 1
147	96	0.2	1	94 2
148	312	0.2	1	303 9
149	64	0.2	1	48 16
150	13874	0.2	1	40 13834


RUN STATISTICS FOR INPUT FILE: ./data_raw/K.1.fastq.gz
=============================================
16432126 sequences processed in total

