
SUMMARISING RUN PARAMETERS
==========================
Input filename: ./data_raw/K.2.fastq.gz
Trimming mode: paired-end
Trim Galore version: 0.4.2
Cutadapt version: 1.11
Quality Phred score cutoff: 20
Quality encoding type selected: ASCII+33
Adapter sequence: 'AGATCGGAAGAGC' (Illumina TruSeq, Sanger iPCR; auto-detected)
Maximum trimming error rate: 0.1 (default)
Minimum required adapter overlap (stringency): 1 bp
Minimum required sequence length for both reads before a sequence pair gets removed: 20 bp
Length cut-off for read 1: 35 bp (default)
Length cut-off for read 2: 35 bp (default)
Output file will be GZIP compressed


This is cutadapt 1.11 with Python 2.7.12
Command line parameters: -f fastq -e 0.1 -q 20 -O 1 -a AGATCGGAAGAGC ./data_raw/K.2.fastq.gz
Trimming 1 adapter with at most 10.0% errors in single-end mode ...
Finished in 656.05 s (40 us/read; 1.50 M reads/minute).

=== Summary ===

Total reads processed:              16,432,126
Reads with adapters:                10,431,436 (63.5%)
Reads written (passing filters):    16,432,126 (100.0%)

Total basepairs processed: 2,464,818,900 bp
Quality-trimmed:             240,506,403 bp (9.8%)
Total written (filtered):  1,944,750,278 bp (78.9%)

=== Adapter 1 ===

Sequence: AGATCGGAAGAGC; Type: regular 3'; Length: 13; Trimmed: 10431436 times.

No. of allowed errors:
0-9 bp: 0; 10-13 bp: 1

Bases preceding removed adapters:
  A: 15.4%
  C: 33.5%
  G: 38.2%
  T: 12.7%
  none/other: 0.2%

Overview of removed sequences
length	count	expect	max.err	error counts
1	1961313	4108031.5	0	1961313
2	579376	1027007.9	0	579376
3	280428	256752.0	0	280428
4	131520	64188.0	0	131520
5	132386	16047.0	0	132386
6	77065	4011.7	0	77065
7	85539	1002.9	0	85539
8	111580	250.7	0	111580
9	141503	62.7	0	141343 160
10	146545	15.7	1	139134 7411
11	76714	3.9	1	68765 7949
12	80832	1.0	1	74371 6461
13	100474	0.2	1	93982 6492
14	103878	0.2	1	97431 6447
15	98603	0.2	1	93190 5413
16	119696	0.2	1	111662 8034
17	135777	0.2	1	127823 7954
18	154359	0.2	1	146063 8296
19	126370	0.2	1	118990 7380
20	154108	0.2	1	146495 7613
21	63251	0.2	1	58416 4835
22	88111	0.2	1	84383 3728
23	91559	0.2	1	87073 4486
24	142008	0.2	1	134660 7348
25	103908	0.2	1	98373 5535
26	132733	0.2	1	125484 7249
27	192113	0.2	1	181055 11058
28	105880	0.2	1	100770 5110
29	134040	0.2	1	123478 10562
30	128804	0.2	1	123133 5671
31	161100	0.2	1	153886 7214
32	88710	0.2	1	83948 4762
33	180832	0.2	1	173672 7160
34	111602	0.2	1	103487 8115
35	143979	0.2	1	138362 5617
36	332978	0.2	1	322178 10800
37	100976	0.2	1	95811 5165
38	138027	0.2	1	132472 5555
39	68021	0.2	1	63471 4550
40	176245	0.2	1	170012 6233
41	76355	0.2	1	71666 4689
42	61871	0.2	1	59248 2623
43	145309	0.2	1	140632 4677
44	73586	0.2	1	70720 2866
45	207674	0.2	1	201265 6409
46	104366	0.2	1	99677 4689
47	119698	0.2	1	116071 3627
48	69503	0.2	1	65319 4184
49	160459	0.2	1	155280 5179
50	39505	0.2	1	37462 2043
51	118335	0.2	1	114401 3934
52	44030	0.2	1	41947 2083
53	84978	0.2	1	82570 2408
54	126125	0.2	1	122954 3171
55	81907	0.2	1	79014 2893
56	84344	0.2	1	81856 2488
57	149590	0.2	1	146116 3474
58	107021	0.2	1	103693 3328
59	40796	0.2	1	39151 1645
60	118689	0.2	1	116179 2510
61	40808	0.2	1	39295 1513
62	50110	0.2	1	48202 1908
63	98074	0.2	1	95829 2245
64	62709	0.2	1	60624 2085
65	23877	0.2	1	22653 1224
66	70143	0.2	1	68179 1964
67	15010	0.2	1	14367 643
68	44606	0.2	1	42801 1805
69	44852	0.2	1	43428 1424
70	99824	0.2	1	97264 2560
71	13664	0.2	1	13073 591
72	25187	0.2	1	24324 863
73	28219	0.2	1	27274 945
74	29741	0.2	1	28798 943
75	33053	0.2	1	32053 1000
76	45083	0.2	1	43766 1317
77	78181	0.2	1	76195 1986
78	64860	0.2	1	62336 2524
79	18526	0.2	1	17215 1311
80	3831	0.2	1	3336 495
81	447	0.2	1	381 66
82	523	0.2	1	485 38
83	1400	0.2	1	1358 42
84	2738	0.2	1	2659 79
85	4456	0.2	1	4363 93
86	5651	0.2	1	5524 127
87	5514	0.2	1	5373 141
88	4296	0.2	1	4185 111
89	2868	0.2	1	2792 76
90	2414	0.2	1	2361 53
91	2016	0.2	1	1969 47
92	1678	0.2	1	1629 49
93	1296	0.2	1	1259 37
94	1105	0.2	1	1075 30
95	902	0.2	1	868 34
96	815	0.2	1	783 32
97	727	0.2	1	700 27
98	697	0.2	1	672 25
99	563	0.2	1	549 14
100	458	0.2	1	430 28
101	432	0.2	1	413 19
102	347	0.2	1	337 10
103	307	0.2	1	287 20
104	246	0.2	1	231 15
105	191	0.2	1	179 12
106	173	0.2	1	161 12
107	166	0.2	1	149 17
108	145	0.2	1	131 14
109	133	0.2	1	126 7
110	116	0.2	1	102 14
111	113	0.2	1	102 11
112	73	0.2	1	67 6
113	88	0.2	1	68 20
114	92	0.2	1	76 16
115	73	0.2	1	61 12
116	54	0.2	1	46 8
117	59	0.2	1	42 17
118	58	0.2	1	42 16
119	52	0.2	1	31 21
120	43	0.2	1	32 11
121	44	0.2	1	33 11
122	35	0.2	1	27 8
123	32	0.2	1	20 12
124	34	0.2	1	20 14
125	37	0.2	1	22 15
126	32	0.2	1	18 14
127	25	0.2	1	15 10
128	27	0.2	1	20 7
129	27	0.2	1	18 9
130	19	0.2	1	9 10
131	17	0.2	1	11 6
132	12	0.2	1	8 4
133	12	0.2	1	6 6
134	10	0.2	1	6 4
135	5	0.2	1	4 1
136	4	0.2	1	4
137	9	0.2	1	6 3
138	2	0.2	1	2
139	6	0.2	1	3 3
140	6	0.2	1	3 3
141	6	0.2	1	4 2
142	2	0.2	1	1 1
143	2	0.2	1	1 1
144	2	0.2	1	1 1
145	9	0.2	1	6 3
146	18	0.2	1	14 4
147	11	0.2	1	8 3
148	20	0.2	1	17 3
149	1	0.2	1	0 1
150	3	0.2	1	2 1


RUN STATISTICS FOR INPUT FILE: ./data_raw/K.2.fastq.gz
=============================================
16432126 sequences processed in total

Total number of sequences analysed for the sequence pair length validation: 16432126

Number of sequence pairs removed because at least one read was shorter than the length cutoff (20 bp): 1012129 (6.16%)
