
SUMMARISING RUN PARAMETERS
==========================
Input filename: ./data_raw/L.1.fastq.gz
Trimming mode: paired-end
Trim Galore version: 0.4.2
Cutadapt version: 1.11
Quality Phred score cutoff: 20
Quality encoding type selected: ASCII+33
Adapter sequence: 'AGATCGGAAGAGC' (Illumina TruSeq, Sanger iPCR; auto-detected)
Maximum trimming error rate: 0.1 (default)
Minimum required adapter overlap (stringency): 1 bp
Minimum required sequence length for both reads before a sequence pair gets removed: 20 bp
Length cut-off for read 1: 35 bp (default)
Length cut-off for read 2: 35 bp (default)
Output file will be GZIP compressed


This is cutadapt 1.11 with Python 2.7.12
Command line parameters: -f fastq -e 0.1 -q 20 -O 1 -a AGATCGGAAGAGC ./data_raw/L.1.fastq.gz
Trimming 1 adapter with at most 10.0% errors in single-end mode ...
Finished in 674.83 s (40 us/read; 1.50 M reads/minute).

=== Summary ===

Total reads processed:              16,849,948
Reads with adapters:                10,808,761 (64.1%)
Reads written (passing filters):    16,849,948 (100.0%)

Total basepairs processed: 2,527,492,200 bp
Quality-trimmed:              58,856,572 bp (2.3%)
Total written (filtered):  2,187,924,857 bp (86.6%)

=== Adapter 1 ===

Sequence: AGATCGGAAGAGC; Type: regular 3'; Length: 13; Trimmed: 10808761 times.

No. of allowed errors:
0-9 bp: 0; 10-13 bp: 1

Bases preceding removed adapters:
  A: 17.7%
  C: 30.2%
  G: 35.4%
  T: 16.4%
  none/other: 0.3%

Overview of removed sequences
length	count	expect	max.err	error counts
1	2067735	4212487.0	0	2067735
2	697211	1053121.8	0	697211
3	301533	263280.4	0	301533
4	156102	65820.1	0	156102
5	112070	16455.0	0	112070
6	93467	4113.8	0	93467
7	93559	1028.4	0	93559
8	113211	257.1	0	113211
9	145622	64.3	0	145445 177
10	155546	16.1	1	147879 7667
11	110805	4.0	1	102892 7913
12	111145	1.0	1	104200 6945
13	138115	0.3	1	130827 7288
14	101769	0.3	1	95362 6407
15	143549	0.3	1	136077 7472
16	76920	0.3	1	71017 5903
17	122546	0.3	1	115482 7064
18	107325	0.3	1	102110 5215
19	127754	0.3	1	121179 6575
20	99339	0.3	1	94078 5261
21	133858	0.3	1	126925 6933
22	132838	0.3	1	125900 6938
23	133511	0.3	1	126395 7116
24	135015	0.3	1	126484 8531
25	129824	0.3	1	122778 7046
26	119476	0.3	1	112449 7027
27	144744	0.3	1	137183 7561
28	112010	0.3	1	106548 5462
29	161379	0.3	1	152486 8893
30	137307	0.3	1	130362 6945
31	179676	0.3	1	170416 9260
32	106277	0.3	1	100740 5537
33	140517	0.3	1	132095 8422
34	167345	0.3	1	158928 8417
35	85152	0.3	1	80881 4271
36	115185	0.3	1	108842 6343
37	118771	0.3	1	112222 6549
38	111792	0.3	1	105405 6387
39	132909	0.3	1	125283 7626
40	181698	0.3	1	171394 10304
41	245129	0.3	1	232626 12503
42	302247	0.3	1	288261 13986
43	158427	0.3	1	150587 7840
44	58139	0.3	1	55291 2848
45	17527	0.3	1	16583 944
46	33952	0.3	1	32303 1649
47	65963	0.3	1	62903 3060
48	88901	0.3	1	84813 4088
49	161662	0.3	1	154798 6864
50	45984	0.3	1	43292 2692
51	126947	0.3	1	120713 6234
52	135891	0.3	1	129806 6085
53	97867	0.3	1	93241 4626
54	79113	0.3	1	75228 3885
55	118459	0.3	1	113215 5244
56	99306	0.3	1	95058 4248
57	36505	0.3	1	34691 1814
58	80186	0.3	1	76614 3572
59	131279	0.3	1	125697 5582
60	31366	0.3	1	29741 1625
61	66518	0.3	1	63562 2956
62	92139	0.3	1	88174 3965
63	26896	0.3	1	25564 1332
64	57475	0.3	1	54960 2515
65	71253	0.3	1	68097 3156
66	37871	0.3	1	36118 1753
67	47158	0.3	1	45062 2096
68	45593	0.3	1	43575 2018
69	39589	0.3	1	37738 1851
70	37944	0.3	1	36175 1769
71	40383	0.3	1	37807 2576
72	67577	0.3	1	63784 3793
73	58075	0.3	1	54782 3293
74	60085	0.3	1	55980 4105
75	46076	0.3	1	43667 2409
76	3765	0.3	1	3437 328
77	240	0.3	1	221 19
78	1395	0.3	1	1327 68
79	4110	0.3	1	3909 201
80	6429	0.3	1	6157 272
81	7725	0.3	1	7394 331
82	8340	0.3	1	7971 369
83	8694	0.3	1	8286 408
84	8472	0.3	1	8106 366
85	7886	0.3	1	7559 327
86	7756	0.3	1	7413 343
87	7004	0.3	1	6716 288
88	6576	0.3	1	6313 263
89	5952	0.3	1	5686 266
90	5160	0.3	1	4925 235
91	4778	0.3	1	4565 213
92	4070	0.3	1	3914 156
93	3562	0.3	1	3395 167
94	3197	0.3	1	3056 141
95	2916	0.3	1	2786 130
96	2824	0.3	1	2693 131
97	2616	0.3	1	2491 125
98	2390	0.3	1	2275 115
99	2133	0.3	1	2048 85
100	1872	0.3	1	1788 84
101	1624	0.3	1	1563 61
102	1408	0.3	1	1335 73
103	1180	0.3	1	1118 62
104	1044	0.3	1	984 60
105	912	0.3	1	863 49
106	811	0.3	1	746 65
107	800	0.3	1	726 74
108	699	0.3	1	648 51
109	609	0.3	1	562 47
110	518	0.3	1	468 50
111	461	0.3	1	422 39
112	407	0.3	1	360 47
113	359	0.3	1	317 42
114	276	0.3	1	243 33
115	275	0.3	1	241 34
116	236	0.3	1	199 37
117	191	0.3	1	165 26
118	206	0.3	1	171 35
119	196	0.3	1	161 35
120	141	0.3	1	114 27
121	186	0.3	1	145 41
122	129	0.3	1	98 31
123	136	0.3	1	105 31
124	110	0.3	1	77 33
125	127	0.3	1	97 30
126	96	0.3	1	57 39
127	80	0.3	1	57 23
128	86	0.3	1	65 21
129	85	0.3	1	60 25
130	52	0.3	1	36 16
131	62	0.3	1	38 24
132	29	0.3	1	26 3
133	47	0.3	1	33 14
134	37	0.3	1	35 2
135	35	0.3	1	35
136	31	0.3	1	25 6
137	26	0.3	1	21 5
138	19	0.3	1	17 2
139	13	0.3	1	11 2
140	19	0.3	1	13 6
141	60	0.3	1	55 5
142	20	0.3	1	9 11
143	33	0.3	1	32 1
144	17	0.3	1	17
145	91	0.3	1	89 2
146	81	0.3	1	79 2
147	72	0.3	1	71 1
148	241	0.3	1	238 3
149	37	0.3	1	28 9
150	10400	0.3	1	14 10386


RUN STATISTICS FOR INPUT FILE: ./data_raw/L.1.fastq.gz
=============================================
16849948 sequences processed in total

