
SUMMARISING RUN PARAMETERS
==========================
Input filename: ./data_raw/L.2.fastq.gz
Trimming mode: paired-end
Trim Galore version: 0.4.2
Cutadapt version: 1.11
Quality Phred score cutoff: 20
Quality encoding type selected: ASCII+33
Adapter sequence: 'AGATCGGAAGAGC' (Illumina TruSeq, Sanger iPCR; auto-detected)
Maximum trimming error rate: 0.1 (default)
Minimum required adapter overlap (stringency): 1 bp
Minimum required sequence length for both reads before a sequence pair gets removed: 20 bp
Length cut-off for read 1: 35 bp (default)
Length cut-off for read 2: 35 bp (default)
Output file will be GZIP compressed


This is cutadapt 1.11 with Python 2.7.12
Command line parameters: -f fastq -e 0.1 -q 20 -O 1 -a AGATCGGAAGAGC ./data_raw/L.2.fastq.gz
Trimming 1 adapter with at most 10.0% errors in single-end mode ...
Finished in 678.08 s (40 us/read; 1.49 M reads/minute).

=== Summary ===

Total reads processed:              16,849,948
Reads with adapters:                10,596,868 (62.9%)
Reads written (passing filters):    16,849,948 (100.0%)

Total basepairs processed: 2,527,492,200 bp
Quality-trimmed:             165,132,908 bp (6.5%)
Total written (filtered):  2,104,844,738 bp (83.3%)

=== Adapter 1 ===

Sequence: AGATCGGAAGAGC; Type: regular 3'; Length: 13; Trimmed: 10596868 times.

No. of allowed errors:
0-9 bp: 0; 10-13 bp: 1

Bases preceding removed adapters:
  A: 17.2%
  C: 29.9%
  G: 40.6%
  T: 12.2%
  none/other: 0.1%

Overview of removed sequences
length	count	expect	max.err	error counts
1	2226729	4212487.0	0	2226729
2	676704	1053121.8	0	676704
3	315821	263280.4	0	315821
4	143655	65820.1	0	143655
5	141075	16455.0	0	141075
6	85409	4113.8	0	85409
7	93532	1028.4	0	93532
8	126846	257.1	0	126846
9	152959	64.3	0	152736 223
10	167065	16.1	1	160236 6829
11	75958	4.0	1	68511 7447
12	89336	1.0	1	83286 6050
13	105786	0.3	1	99671 6115
14	115227	0.3	1	109164 6063
15	108547	0.3	1	103297 5250
16	122631	0.3	1	115139 7492
17	146738	0.3	1	139127 7611
18	156783	0.3	1	149263 7520
19	128139	0.3	1	120921 7218
20	160907	0.3	1	154531 6376
21	66833	0.3	1	61897 4936
22	102960	0.3	1	99227 3733
23	99324	0.3	1	94838 4486
24	156557	0.3	1	149250 7307
25	96480	0.3	1	91675 4805
26	142662	0.3	1	135693 6969
27	201570	0.3	1	190914 10656
28	136988	0.3	1	131492 5496
29	110435	0.3	1	101552 8883
30	117795	0.3	1	112691 5104
31	190333	0.3	1	182742 7591
32	121054	0.3	1	114612 6442
33	218908	0.3	1	210918 7990
34	52775	0.3	1	49414 3361
35	119098	0.3	1	114536 4562
36	209486	0.3	1	202511 6975
37	85557	0.3	1	82208 3349
38	146257	0.3	1	142468 3789
39	100059	0.3	1	96501 3558
40	139984	0.3	1	135467 4517
41	88753	0.3	1	86074 2679
42	114047	0.3	1	111052 2995
43	113127	0.3	1	109988 3139
44	86320	0.3	1	83555 2765
45	168481	0.3	1	164121 4360
46	85671	0.3	1	82262 3409
47	151609	0.3	1	148142 3467
48	56198	0.3	1	53354 2844
49	140783	0.3	1	137037 3746
50	43352	0.3	1	41456 1896
51	104524	0.3	1	101713 2811
52	56922	0.3	1	54929 1993
53	85759	0.3	1	83740 2019
54	116756	0.3	1	114350 2406
55	70489	0.3	1	68478 2011
56	78290	0.3	1	76293 1997
57	125413	0.3	1	122779 2634
58	87524	0.3	1	85349 2175
59	43615	0.3	1	42198 1417
60	99878	0.3	1	97997 1881
61	37724	0.3	1	36534 1190
62	40159	0.3	1	38828 1331
63	76490	0.3	1	74952 1538
64	52521	0.3	1	51265 1256
65	21040	0.3	1	20191 849
66	55495	0.3	1	54321 1174
67	16064	0.3	1	15470 594
68	35444	0.3	1	34298 1146
69	37370	0.3	1	36459 911
70	70120	0.3	1	68833 1287
71	11901	0.3	1	11482 419
72	20675	0.3	1	20097 578
73	22723	0.3	1	22129 594
74	22769	0.3	1	22211 558
75	25057	0.3	1	24424 633
76	34061	0.3	1	33292 769
77	57093	0.3	1	55840 1253
78	42732	0.3	1	41355 1377
79	10787	0.3	1	10111 676
80	2097	0.3	1	1841 256
81	323	0.3	1	294 29
82	491	0.3	1	472 19
83	1267	0.3	1	1236 31
84	2456	0.3	1	2407 49
85	3619	0.3	1	3569 50
86	4531	0.3	1	4462 69
87	4012	0.3	1	3952 60
88	2901	0.3	1	2854 47
89	1850	0.3	1	1812 38
90	1444	0.3	1	1418 26
91	1308	0.3	1	1276 32
92	1055	0.3	1	1032 23
93	815	0.3	1	790 25
94	654	0.3	1	632 22
95	634	0.3	1	615 19
96	528	0.3	1	518 10
97	476	0.3	1	466 10
98	430	0.3	1	420 10
99	342	0.3	1	334 8
100	315	0.3	1	302 13
101	302	0.3	1	286 16
102	214	0.3	1	204 10
103	197	0.3	1	189 8
104	165	0.3	1	154 11
105	140	0.3	1	127 13
106	124	0.3	1	116 8
107	120	0.3	1	111 9
108	105	0.3	1	96 9
109	90	0.3	1	78 12
110	84	0.3	1	72 12
111	66	0.3	1	60 6
112	78	0.3	1	61 17
113	80	0.3	1	61 19
114	57	0.3	1	41 16
115	58	0.3	1	45 13
116	55	0.3	1	41 14
117	62	0.3	1	41 21
118	52	0.3	1	32 20
119	70	0.3	1	44 26
120	43	0.3	1	30 13
121	59	0.3	1	44 15
122	42	0.3	1	26 16
123	59	0.3	1	31 28
124	34	0.3	1	18 16
125	38	0.3	1	20 18
126	21	0.3	1	12 9
127	36	0.3	1	15 21
128	19	0.3	1	12 7
129	21	0.3	1	12 9
130	6	0.3	1	4 2
131	15	0.3	1	6 9
132	10	0.3	1	4 6
133	8	0.3	1	6 2
134	8	0.3	1	6 2
135	8	0.3	1	6 2
136	4	0.3	1	3 1
137	1	0.3	1	0 1
138	7	0.3	1	4 3
139	1	0.3	1	1
140	4	0.3	1	4
141	2	0.3	1	1 1
142	3	0.3	1	2 1
143	7	0.3	1	5 2
145	6	0.3	1	5 1
146	12	0.3	1	11 1
147	11	0.3	1	8 3
148	13	0.3	1	12 1
149	4	0.3	1	3 1
150	1	0.3	1	0 1


RUN STATISTICS FOR INPUT FILE: ./data_raw/L.2.fastq.gz
=============================================
16849948 sequences processed in total

Total number of sequences analysed for the sequence pair length validation: 16849948

Number of sequence pairs removed because at least one read was shorter than the length cutoff (20 bp): 547673 (3.25%)
