
SUMMARISING RUN PARAMETERS
==========================
Input filename: ./data_raw/M.1.fastq.gz
Trimming mode: paired-end
Trim Galore version: 0.4.2
Cutadapt version: 1.11
Quality Phred score cutoff: 20
Quality encoding type selected: ASCII+33
Adapter sequence: 'AGATCGGAAGAGC' (Illumina TruSeq, Sanger iPCR; auto-detected)
Maximum trimming error rate: 0.1 (default)
Minimum required adapter overlap (stringency): 1 bp
Minimum required sequence length for both reads before a sequence pair gets removed: 20 bp
Length cut-off for read 1: 35 bp (default)
Length cut-off for read 2: 35 bp (default)
Output file will be GZIP compressed


This is cutadapt 1.11 with Python 2.7.12
Command line parameters: -f fastq -e 0.1 -q 20 -O 1 -a AGATCGGAAGAGC ./data_raw/M.1.fastq.gz
Trimming 1 adapter with at most 10.0% errors in single-end mode ...
Finished in 643.98 s (41 us/read; 1.48 M reads/minute).

=== Summary ===

Total reads processed:              15,841,289
Reads with adapters:                10,002,840 (63.1%)
Reads written (passing filters):    15,841,289 (100.0%)

Total basepairs processed: 2,376,193,350 bp
Quality-trimmed:              57,722,264 bp (2.4%)
Total written (filtered):  2,063,643,699 bp (86.8%)

=== Adapter 1 ===

Sequence: AGATCGGAAGAGC; Type: regular 3'; Length: 13; Trimmed: 10002840 times.

No. of allowed errors:
0-9 bp: 0; 10-13 bp: 1

Bases preceding removed adapters:
  A: 16.8%
  C: 35.5%
  G: 28.5%
  T: 18.8%
  none/other: 0.4%

Overview of removed sequences
length	count	expect	max.err	error counts
1	2017082	3960322.2	0	2017082
2	661537	990080.6	0	661537
3	271684	247520.1	0	271684
4	139675	61880.0	0	139675
5	99341	15470.0	0	99341
6	83210	3867.5	0	83210
7	81316	966.9	0	81316
8	99388	241.7	0	99388
9	129295	60.4	0	129140 155
10	145503	15.1	1	128833 16670
11	104817	3.8	1	91187 13630
12	104238	0.9	1	91673 12565
13	131484	0.2	1	116220 15264
14	96206	0.2	1	83748 12458
15	133495	0.2	1	117853 15642
16	71994	0.2	1	62216 9778
17	112921	0.2	1	99382 13539
18	99788	0.2	1	88480 11308
19	119259	0.2	1	105775 13484
20	91898	0.2	1	81190 10708
21	123744	0.2	1	109504 14240
22	122288	0.2	1	108218 14070
23	122849	0.2	1	108743 14106
24	128259	0.2	1	111882 16377
25	120195	0.2	1	106540 13655
26	109049	0.2	1	95849 13200
27	131576	0.2	1	116303 15273
28	102161	0.2	1	90737 11424
29	146476	0.2	1	129212 17264
30	123103	0.2	1	108958 14145
31	164591	0.2	1	145824 18767
32	98212	0.2	1	86513 11699
33	129745	0.2	1	113223 16522
34	153824	0.2	1	136716 17108
35	77560	0.2	1	68461 9099
36	105134	0.2	1	92548 12586
37	107663	0.2	1	95332 12331
38	99940	0.2	1	88029 11911
39	120455	0.2	1	106228 14227
40	164983	0.2	1	144973 20010
41	222926	0.2	1	197437 25489
42	277804	0.2	1	246344 31460
43	142581	0.2	1	126590 15991
44	52684	0.2	1	46928 5756
45	15469	0.2	1	13636 1833
46	30537	0.2	1	27197 3340
47	58284	0.2	1	51891 6393
48	79579	0.2	1	70838 8741
49	143548	0.2	1	127955 15593
50	41003	0.2	1	36223 4780
51	115591	0.2	1	102174 13417
52	123112	0.2	1	109750 13362
53	88384	0.2	1	78527 9857
54	71460	0.2	1	63375 8085
55	107125	0.2	1	95102 12023
56	90841	0.2	1	80919 9922
57	33224	0.2	1	29492 3732
58	72479	0.2	1	64439 8040
59	117937	0.2	1	104930 13007
60	28264	0.2	1	24963 3301
61	59627	0.2	1	53200 6427
62	83499	0.2	1	74233 9266
63	23726	0.2	1	21127 2599
64	51709	0.2	1	46005 5704
65	64641	0.2	1	57477 7164
66	34845	0.2	1	30858 3987
67	43126	0.2	1	38459 4667
68	41033	0.2	1	36614 4419
69	36089	0.2	1	31826 4263
70	34465	0.2	1	30527 3938
71	35820	0.2	1	31353 4467
72	60602	0.2	1	53153 7449
73	51427	0.2	1	45040 6387
74	53697	0.2	1	46649 7048
75	41811	0.2	1	36816 4995
76	3649	0.2	1	3099 550
77	232	0.2	1	186 46
78	1236	0.2	1	1113 123
79	3708	0.2	1	3288 420
80	5775	0.2	1	5132 643
81	6905	0.2	1	6122 783
82	7290	0.2	1	6466 824
83	7669	0.2	1	6762 907
84	7496	0.2	1	6624 872
85	7121	0.2	1	6304 817
86	6888	0.2	1	6129 759
87	6336	0.2	1	5631 705
88	5653	0.2	1	5077 576
89	5300	0.2	1	4727 573
90	4639	0.2	1	4146 493
91	4153	0.2	1	3701 452
92	3536	0.2	1	3144 392
93	3110	0.2	1	2742 368
94	2844	0.2	1	2536 308
95	2522	0.2	1	2242 280
96	2365	0.2	1	2096 269
97	2281	0.2	1	2041 240
98	2142	0.2	1	1914 228
99	1935	0.2	1	1713 222
100	1747	0.2	1	1581 166
101	1487	0.2	1	1316 171
102	1264	0.2	1	1113 151
103	989	0.2	1	847 142
104	905	0.2	1	798 107
105	749	0.2	1	658 91
106	689	0.2	1	602 87
107	690	0.2	1	605 85
108	640	0.2	1	569 71
109	571	0.2	1	495 76
110	486	0.2	1	418 68
111	405	0.2	1	353 52
112	348	0.2	1	303 45
113	349	0.2	1	301 48
114	289	0.2	1	257 32
115	233	0.2	1	199 34
116	210	0.2	1	172 38
117	215	0.2	1	174 41
118	189	0.2	1	162 27
119	185	0.2	1	155 30
120	135	0.2	1	110 25
121	140	0.2	1	111 29
122	120	0.2	1	98 22
123	105	0.2	1	87 18
124	93	0.2	1	74 19
125	115	0.2	1	86 29
126	84	0.2	1	59 25
127	70	0.2	1	47 23
128	60	0.2	1	46 14
129	46	0.2	1	30 16
130	43	0.2	1	29 14
131	47	0.2	1	30 17
132	21	0.2	1	16 5
133	47	0.2	1	35 12
134	46	0.2	1	41 5
135	48	0.2	1	44 4
136	36	0.2	1	31 5
137	36	0.2	1	35 1
138	46	0.2	1	41 5
139	33	0.2	1	24 9
140	54	0.2	1	52 2
141	67	0.2	1	64 3
142	38	0.2	1	30 8
143	43	0.2	1	40 3
144	19	0.2	1	18 1
145	78	0.2	1	76 2
146	174	0.2	1	168 6
147	81	0.2	1	73 8
148	194	0.2	1	190 4
149	62	0.2	1	42 20
150	8347	0.2	1	51 8296


RUN STATISTICS FOR INPUT FILE: ./data_raw/M.1.fastq.gz
=============================================
15841289 sequences processed in total

