
SUMMARISING RUN PARAMETERS
==========================
Input filename: ./data_raw/M.2.fastq.gz
Trimming mode: paired-end
Trim Galore version: 0.4.2
Cutadapt version: 1.11
Quality Phred score cutoff: 20
Quality encoding type selected: ASCII+33
Adapter sequence: 'AGATCGGAAGAGC' (Illumina TruSeq, Sanger iPCR; auto-detected)
Maximum trimming error rate: 0.1 (default)
Minimum required adapter overlap (stringency): 1 bp
Minimum required sequence length for both reads before a sequence pair gets removed: 20 bp
Length cut-off for read 1: 35 bp (default)
Length cut-off for read 2: 35 bp (default)
Output file will be GZIP compressed


This is cutadapt 1.11 with Python 2.7.12
Command line parameters: -f fastq -e 0.1 -q 20 -O 1 -a AGATCGGAAGAGC ./data_raw/M.2.fastq.gz
Trimming 1 adapter with at most 10.0% errors in single-end mode ...
Finished in 629.20 s (40 us/read; 1.51 M reads/minute).

=== Summary ===

Total reads processed:              15,841,289
Reads with adapters:                 9,283,304 (58.6%)
Reads written (passing filters):    15,841,289 (100.0%)

Total basepairs processed: 2,376,193,350 bp
Quality-trimmed:             279,872,350 bp (11.8%)
Total written (filtered):  1,877,531,156 bp (79.0%)

=== Adapter 1 ===

Sequence: AGATCGGAAGAGC; Type: regular 3'; Length: 13; Trimmed: 9283304 times.

No. of allowed errors:
0-9 bp: 0; 10-13 bp: 1

Bases preceding removed adapters:
  A: 15.7%
  C: 37.1%
  G: 33.1%
  T: 13.7%
  none/other: 0.4%

Overview of removed sequences
length	count	expect	max.err	error counts
1	2064786	3960322.2	0	2064786
2	610852	990080.6	0	610852
3	274732	247520.1	0	274732
4	130733	61880.0	0	130733
5	125456	15470.0	0	125456
6	75040	3867.5	0	75040
7	81560	966.9	0	81560
8	109585	241.7	0	109585
9	133715	60.4	0	133542 173
10	146020	15.1	1	137843 8177
11	68787	3.8	1	61052 7735
12	80239	0.9	1	73539 6700
13	93729	0.2	1	86956 6773
14	101130	0.2	1	94130 7000
15	94670	0.2	1	88910 5760
16	107804	0.2	1	99595 8209
17	127501	0.2	1	119212 8289
18	138211	0.2	1	129727 8484
19	115670	0.2	1	107844 7826
20	137619	0.2	1	129848 7771
21	57421	0.2	1	52396 5025
22	85935	0.2	1	81637 4298
23	83184	0.2	1	78394 4790
24	129986	0.2	1	121924 8062
25	88866	0.2	1	82946 5920
26	120048	0.2	1	112290 7758
27	185172	0.2	1	172546 12626
28	120804	0.2	1	114553 6251
29	101116	0.2	1	91299 9817
30	117920	0.2	1	111406 6514
31	146789	0.2	1	138876 7913
32	105371	0.2	1	99555 5816
33	122352	0.2	1	115444 6908
34	191124	0.2	1	182713 8411
35	91014	0.2	1	85848 5166
36	140279	0.2	1	133340 6939
37	97761	0.2	1	93209 4552
38	64921	0.2	1	60986 3935
39	94755	0.2	1	90084 4671
40	51515	0.2	1	47662 3853
41	134625	0.2	1	129107 5518
42	65841	0.2	1	62833 3008
43	116879	0.2	1	111815 5064
44	60553	0.2	1	57746 2807
45	158516	0.2	1	152026 6490
46	75474	0.2	1	71252 4222
47	109394	0.2	1	105493 3901
48	52461	0.2	1	48653 3808
49	122258	0.2	1	117099 5159
50	33873	0.2	1	31764 2109
51	92666	0.2	1	88717 3949
52	45384	0.2	1	42735 2649
53	74008	0.2	1	71138 2870
54	95778	0.2	1	92429 3349
55	61646	0.2	1	58827 2819
56	66589	0.2	1	64020 2569
57	101509	0.2	1	98124 3385
58	75558	0.2	1	72253 3305
59	35890	0.2	1	33995 1895
60	83093	0.2	1	80624 2469
61	32080	0.2	1	30458 1622
62	33319	0.2	1	31477 1842
63	62667	0.2	1	60580 2087
64	45389	0.2	1	43412 1977
65	17828	0.2	1	16743 1085
66	47636	0.2	1	45829 1807
67	13125	0.2	1	12397 728
68	30157	0.2	1	28615 1542
69	31331	0.2	1	29963 1368
70	59837	0.2	1	57614 2223
71	9984	0.2	1	9453 531
72	17215	0.2	1	16437 778
73	18289	0.2	1	17490 799
74	18710	0.2	1	17933 777
75	20859	0.2	1	20018 841
76	27968	0.2	1	26948 1020
77	47203	0.2	1	45509 1694
78	36233	0.2	1	34263 1970
79	9653	0.2	1	8742 911
80	2063	0.2	1	1763 300
81	260	0.2	1	221 39
82	361	0.2	1	334 27
83	928	0.2	1	892 36
84	1852	0.2	1	1786 66
85	2755	0.2	1	2655 100
86	3428	0.2	1	3307 121
87	3240	0.2	1	3123 117
88	2414	0.2	1	2314 100
89	1606	0.2	1	1548 58
90	1284	0.2	1	1234 50
91	1055	0.2	1	1016 39
92	850	0.2	1	811 39
93	642	0.2	1	611 31
94	597	0.2	1	568 29
95	466	0.2	1	445 21
96	432	0.2	1	417 15
97	407	0.2	1	396 11
98	340	0.2	1	322 18
99	342	0.2	1	331 11
100	278	0.2	1	261 17
101	227	0.2	1	206 21
102	168	0.2	1	155 13
103	126	0.2	1	119 7
104	142	0.2	1	128 14
105	116	0.2	1	104 12
106	87	0.2	1	76 11
107	99	0.2	1	92 7
108	97	0.2	1	87 10
109	68	0.2	1	53 15
110	87	0.2	1	75 12
111	54	0.2	1	48 6
112	55	0.2	1	48 7
113	59	0.2	1	47 12
114	49	0.2	1	40 9
115	46	0.2	1	39 7
116	42	0.2	1	31 11
117	50	0.2	1	41 9
118	40	0.2	1	24 16
119	34	0.2	1	28 6
120	40	0.2	1	29 11
121	37	0.2	1	24 13
122	28	0.2	1	21 7
123	32	0.2	1	23 9
124	35	0.2	1	20 15
125	33	0.2	1	16 17
126	16	0.2	1	12 4
127	23	0.2	1	16 7
128	16	0.2	1	8 8
129	6	0.2	1	1 5
130	8	0.2	1	7 1
131	7	0.2	1	3 4
132	4	0.2	1	4
133	10	0.2	1	7 3
134	14	0.2	1	7 7
135	8	0.2	1	4 4
136	8	0.2	1	6 2
137	3	0.2	1	1 2
138	4	0.2	1	1 3
139	3	0.2	1	3
140	5	0.2	1	3 2
141	6	0.2	1	4 2
142	4	0.2	1	2 2
143	3	0.2	1	2 1
144	2	0.2	1	1 1
145	4	0.2	1	4
146	20	0.2	1	18 2
147	7	0.2	1	4 3
148	11	0.2	1	11
149	6	0.2	1	3 3
150	5	0.2	1	4 1


RUN STATISTICS FOR INPUT FILE: ./data_raw/M.2.fastq.gz
=============================================
15841289 sequences processed in total

Total number of sequences analysed for the sequence pair length validation: 15841289

Number of sequence pairs removed because at least one read was shorter than the length cutoff (20 bp): 1328251 (8.38%)
