
SUMMARISING RUN PARAMETERS
==========================
Input filename: ./data_raw/N.1.fastq.gz
Trimming mode: paired-end
Trim Galore version: 0.4.2
Cutadapt version: 1.11
Quality Phred score cutoff: 20
Quality encoding type selected: ASCII+33
Adapter sequence: 'AGATCGGAAGAGC' (Illumina TruSeq, Sanger iPCR; auto-detected)
Maximum trimming error rate: 0.1 (default)
Minimum required adapter overlap (stringency): 1 bp
Minimum required sequence length for both reads before a sequence pair gets removed: 20 bp
Length cut-off for read 1: 35 bp (default)
Length cut-off for read 2: 35 bp (default)
Output file will be GZIP compressed


This is cutadapt 1.11 with Python 2.7.12
Command line parameters: -f fastq -e 0.1 -q 20 -O 1 -a AGATCGGAAGAGC ./data_raw/N.1.fastq.gz
Trimming 1 adapter with at most 10.0% errors in single-end mode ...
Finished in 757.61 s (41 us/read; 1.47 M reads/minute).

=== Summary ===

Total reads processed:              18,548,306
Reads with adapters:                12,331,999 (66.5%)
Reads written (passing filters):    18,548,306 (100.0%)

Total basepairs processed: 2,782,245,900 bp
Quality-trimmed:              73,507,805 bp (2.6%)
Total written (filtered):  2,347,918,757 bp (84.4%)

=== Adapter 1 ===

Sequence: AGATCGGAAGAGC; Type: regular 3'; Length: 13; Trimmed: 12331999 times.

No. of allowed errors:
0-9 bp: 0; 10-13 bp: 1

Bases preceding removed adapters:
  A: 16.3%
  C: 35.3%
  G: 29.6%
  T: 18.3%
  none/other: 0.4%

Overview of removed sequences
length	count	expect	max.err	error counts
1	2137377	4637076.5	0	2137377
2	717738	1159269.1	0	717738
3	303527	289817.3	0	303527
4	155761	72454.3	0	155761
5	109399	18113.6	0	109399
6	90212	4528.4	0	90212
7	89935	1132.1	0	89935
8	109976	283.0	0	109976
9	143628	70.8	0	143429 199
10	160477	17.7	1	145180 15297
11	113371	4.4	1	100542 12829
12	113921	1.1	1	101936 11985
13	142967	0.3	1	129140 13827
14	104678	0.3	1	93178 11500
15	148537	0.3	1	134214 14323
16	79743	0.3	1	70218 9525
17	125319	0.3	1	112730 12589
18	111381	0.3	1	100869 10512
19	132630	0.3	1	120564 12066
20	104567	0.3	1	94586 9981
21	139597	0.3	1	125917 13680
22	141247	0.3	1	127860 13387
23	141011	0.3	1	127503 13508
24	146195	0.3	1	130430 15765
25	138516	0.3	1	125198 13318
26	125969	0.3	1	113236 12733
27	152987	0.3	1	138172 14815
28	119606	0.3	1	108542 11064
29	172431	0.3	1	155676 16755
30	146919	0.3	1	133402 13517
31	195451	0.3	1	176832 18619
32	118410	0.3	1	107021 11389
33	159008	0.3	1	142299 16709
34	186522	0.3	1	168959 17563
35	96122	0.3	1	87105 9017
36	129147	0.3	1	116716 12431
37	136670	0.3	1	122939 13731
38	125319	0.3	1	112785 12534
39	152205	0.3	1	137141 15064
40	214540	0.3	1	192761 21779
41	294121	0.3	1	266586 27535
42	366875	0.3	1	333479 33396
43	188207	0.3	1	170870 17337
44	68469	0.3	1	62231 6238
45	21123	0.3	1	19086 2037
46	40735	0.3	1	36997 3738
47	78178	0.3	1	71242 6936
48	108204	0.3	1	98657 9547
49	200769	0.3	1	183842 16927
50	57873	0.3	1	52077 5796
51	163370	0.3	1	147934 15436
52	176239	0.3	1	160317 15922
53	128530	0.3	1	116960 11570
54	104666	0.3	1	95108 9558
55	160598	0.3	1	146339 14259
56	135710	0.3	1	123520 12190
57	50254	0.3	1	45630 4624
58	111470	0.3	1	101742 9728
59	185583	0.3	1	169203 16380
60	44652	0.3	1	40467 4185
61	94335	0.3	1	86087 8248
62	134981	0.3	1	122987 11994
63	40099	0.3	1	36504 3595
64	86077	0.3	1	78362 7715
65	110402	0.3	1	100580 9822
66	59613	0.3	1	54152 5461
67	74080	0.3	1	67575 6505
68	72638	0.3	1	66146 6492
69	64297	0.3	1	58278 6019
70	61203	0.3	1	55522 5681
71	66138	0.3	1	59022 7116
72	114523	0.3	1	102678 11845
73	98237	0.3	1	87983 10254
74	102798	0.3	1	91148 11650
75	79164	0.3	1	71339 7825
76	6894	0.3	1	5957 937
77	426	0.3	1	365 61
78	2435	0.3	1	2216 219
79	7276	0.3	1	6606 670
80	11194	0.3	1	10177 1017
81	13614	0.3	1	12393 1221
82	14572	0.3	1	13287 1285
83	14911	0.3	1	13569 1342
84	14656	0.3	1	13313 1343
85	14013	0.3	1	12756 1257
86	13406	0.3	1	12241 1165
87	12911	0.3	1	11754 1157
88	11666	0.3	1	10665 1001
89	10727	0.3	1	9775 952
90	9414	0.3	1	8582 832
91	8493	0.3	1	7800 693
92	7478	0.3	1	6849 629
93	6434	0.3	1	5880 554
94	5505	0.3	1	5020 485
95	4971	0.3	1	4534 437
96	4662	0.3	1	4227 435
97	4395	0.3	1	4031 364
98	4109	0.3	1	3743 366
99	3744	0.3	1	3406 338
100	3189	0.3	1	2927 262
101	2842	0.3	1	2599 243
102	2466	0.3	1	2240 226
103	1936	0.3	1	1759 177
104	1639	0.3	1	1475 164
105	1376	0.3	1	1252 124
106	1261	0.3	1	1117 144
107	1266	0.3	1	1120 146
108	1108	0.3	1	984 124
109	978	0.3	1	883 95
110	869	0.3	1	781 88
111	743	0.3	1	656 87
112	604	0.3	1	528 76
113	528	0.3	1	472 56
114	448	0.3	1	382 66
115	399	0.3	1	350 49
116	360	0.3	1	300 60
117	383	0.3	1	309 74
118	257	0.3	1	213 44
119	296	0.3	1	243 53
120	217	0.3	1	187 30
121	233	0.3	1	185 48
122	172	0.3	1	124 48
123	193	0.3	1	151 42
124	156	0.3	1	122 34
125	198	0.3	1	138 60
126	124	0.3	1	83 41
127	142	0.3	1	109 33
128	115	0.3	1	83 32
129	124	0.3	1	87 37
130	70	0.3	1	48 22
131	102	0.3	1	68 34
132	52	0.3	1	40 12
133	63	0.3	1	47 16
134	59	0.3	1	54 5
135	55	0.3	1	45 10
136	40	0.3	1	27 13
137	46	0.3	1	38 8
138	39	0.3	1	35 4
139	40	0.3	1	31 9
140	31	0.3	1	23 8
141	62	0.3	1	59 3
142	40	0.3	1	29 11
143	42	0.3	1	39 3
144	23	0.3	1	20 3
145	165	0.3	1	138 27
146	234	0.3	1	224 10
147	133	0.3	1	128 5
148	309	0.3	1	307 2
149	117	0.3	1	93 24
150	20522	0.3	1	79 20443


RUN STATISTICS FOR INPUT FILE: ./data_raw/N.1.fastq.gz
=============================================
18548306 sequences processed in total

