
SUMMARISING RUN PARAMETERS
==========================
Input filename: ./data_raw/N.2.fastq.gz
Trimming mode: paired-end
Trim Galore version: 0.4.2
Cutadapt version: 1.11
Quality Phred score cutoff: 20
Quality encoding type selected: ASCII+33
Adapter sequence: 'AGATCGGAAGAGC' (Illumina TruSeq, Sanger iPCR; auto-detected)
Maximum trimming error rate: 0.1 (default)
Minimum required adapter overlap (stringency): 1 bp
Minimum required sequence length for both reads before a sequence pair gets removed: 20 bp
Length cut-off for read 1: 35 bp (default)
Length cut-off for read 2: 35 bp (default)
Output file will be GZIP compressed


This is cutadapt 1.11 with Python 2.7.12
Command line parameters: -f fastq -e 0.1 -q 20 -O 1 -a AGATCGGAAGAGC ./data_raw/N.2.fastq.gz
Trimming 1 adapter with at most 10.0% errors in single-end mode ...
Finished in 733.69 s (40 us/read; 1.52 M reads/minute).

=== Summary ===

Total reads processed:              18,548,306
Reads with adapters:                11,559,234 (62.3%)
Reads written (passing filters):    18,548,306 (100.0%)

Total basepairs processed: 2,782,245,900 bp
Quality-trimmed:             292,523,291 bp (10.5%)
Total written (filtered):  2,175,206,190 bp (78.2%)

=== Adapter 1 ===

Sequence: AGATCGGAAGAGC; Type: regular 3'; Length: 13; Trimmed: 11559234 times.

No. of allowed errors:
0-9 bp: 0; 10-13 bp: 1

Bases preceding removed adapters:
  A: 14.9%
  C: 37.1%
  G: 34.4%
  T: 13.3%
  none/other: 0.3%

Overview of removed sequences
length	count	expect	max.err	error counts
1	2222614	4637076.5	0	2222614
2	669690	1159269.1	0	669690
3	298389	289817.3	0	298389
4	137035	72454.3	0	137035
5	136844	18113.6	0	136844
6	81513	4528.4	0	81513
7	90374	1132.1	0	90374
8	121542	283.0	0	121542
9	148091	70.8	0	147835 256
10	164016	17.7	1	154867 9149
11	78106	4.4	1	68921 9185
12	91431	1.1	1	83720 7711
13	105862	0.3	1	98369 7493
14	116072	0.3	1	108045 8027
15	106955	0.3	1	100620 6335
16	122819	0.3	1	113370 9449
17	148543	0.3	1	138942 9601
18	160047	0.3	1	150691 9356
19	146918	0.3	1	137276 9642
20	153902	0.3	1	145581 8321
21	65201	0.3	1	59490 5711
22	100001	0.3	1	95353 4648
23	100495	0.3	1	94883 5612
24	171776	0.3	1	161494 10282
25	99135	0.3	1	92944 6191
26	148356	0.3	1	139286 9070
27	206101	0.3	1	192807 13294
28	137768	0.3	1	130776 6992
29	123703	0.3	1	112033 11670
30	147298	0.3	1	140030 7268
31	169785	0.3	1	161276 8509
32	129038	0.3	1	122317 6721
33	157726	0.3	1	150365 7361
34	138781	0.3	1	131397 7384
35	179842	0.3	1	171972 7870
36	75460	0.3	1	71459 4001
37	107948	0.3	1	101095 6853
38	123288	0.3	1	118252 5036
39	169835	0.3	1	162955 6880
40	140729	0.3	1	131846 8883
41	108900	0.3	1	103148 5752
42	168299	0.3	1	162452 5847
43	140833	0.3	1	135049 5784
44	108213	0.3	1	103716 4497
45	203378	0.3	1	195638 7740
46	106622	0.3	1	100762 5860
47	182544	0.3	1	176633 5911
48	72750	0.3	1	67417 5333
49	171688	0.3	1	165054 6634
50	52932	0.3	1	49959 2973
51	128618	0.3	1	123387 5231
52	67281	0.3	1	63754 3527
53	106430	0.3	1	102848 3582
54	149753	0.3	1	145118 4635
55	89204	0.3	1	85376 3828
56	104715	0.3	1	101008 3707
57	179650	0.3	1	174401 5249
58	119579	0.3	1	115058 4521
59	57594	0.3	1	54910 2684
60	144520	0.3	1	140760 3760
61	51765	0.3	1	49332 2433
62	54648	0.3	1	52061 2587
63	116573	0.3	1	113332 3241
64	74769	0.3	1	71893 2876
65	30973	0.3	1	29251 1722
66	82168	0.3	1	79481 2687
67	23546	0.3	1	22392 1154
68	52784	0.3	1	50440 2344
69	56556	0.3	1	54441 2115
70	108699	0.3	1	105319 3380
71	18368	0.3	1	17495 873
72	32187	0.3	1	30824 1363
73	35226	0.3	1	33921 1305
74	36350	0.3	1	34954 1396
75	40674	0.3	1	39275 1399
76	55482	0.3	1	53721 1761
77	91547	0.3	1	88653 2894
78	67219	0.3	1	64023 3196
79	17015	0.3	1	15499 1516
80	3401	0.3	1	2853 548
81	475	0.3	1	419 56
82	710	0.3	1	668 42
83	1877	0.3	1	1808 69
84	3705	0.3	1	3584 121
85	5646	0.3	1	5502 144
86	7129	0.3	1	6964 165
87	6657	0.3	1	6469 188
88	4993	0.3	1	4825 168
89	3297	0.3	1	3199 98
90	2710	0.3	1	2627 83
91	2334	0.3	1	2247 87
92	1834	0.3	1	1766 68
93	1478	0.3	1	1406 72
94	1237	0.3	1	1189 48
95	1014	0.3	1	966 48
96	902	0.3	1	865 37
97	808	0.3	1	780 28
98	746	0.3	1	717 29
99	675	0.3	1	634 41
100	558	0.3	1	538 20
101	478	0.3	1	455 23
102	408	0.3	1	382 26
103	310	0.3	1	293 17
104	234	0.3	1	221 13
105	222	0.3	1	201 21
106	186	0.3	1	168 18
107	165	0.3	1	149 16
108	174	0.3	1	161 13
109	154	0.3	1	139 15
110	122	0.3	1	110 12
111	140	0.3	1	120 20
112	89	0.3	1	67 22
113	112	0.3	1	92 20
114	74	0.3	1	59 15
115	68	0.3	1	54 14
116	60	0.3	1	42 18
117	87	0.3	1	71 16
118	57	0.3	1	39 18
119	80	0.3	1	58 22
120	50	0.3	1	35 15
121	87	0.3	1	57 30
122	77	0.3	1	44 33
123	65	0.3	1	39 26
124	56	0.3	1	33 23
125	56	0.3	1	35 21
126	38	0.3	1	23 15
127	50	0.3	1	31 19
128	27	0.3	1	15 12
129	27	0.3	1	17 10
130	20	0.3	1	11 9
131	23	0.3	1	18 5
132	11	0.3	1	7 4
133	16	0.3	1	11 5
134	11	0.3	1	9 2
135	7	0.3	1	4 3
136	2	0.3	1	1 1
137	6	0.3	1	4 2
138	6	0.3	1	2 4
139	3	0.3	1	2 1
140	5	0.3	1	0 5
141	9	0.3	1	7 2
142	6	0.3	1	3 3
143	6	0.3	1	6
144	3	0.3	1	1 2
145	11	0.3	1	8 3
146	22	0.3	1	20 2
147	13	0.3	1	10 3
148	21	0.3	1	19 2
149	8	0.3	1	6 2
150	5	0.3	1	3 2


RUN STATISTICS FOR INPUT FILE: ./data_raw/N.2.fastq.gz
=============================================
18548306 sequences processed in total

Total number of sequences analysed for the sequence pair length validation: 18548306

Number of sequence pairs removed because at least one read was shorter than the length cutoff (20 bp): 1269884 (6.85%)
