
SUMMARISING RUN PARAMETERS
==========================
Input filename: ./data_raw/O.1.fastq.gz
Trimming mode: paired-end
Trim Galore version: 0.4.2
Cutadapt version: 1.11
Quality Phred score cutoff: 20
Quality encoding type selected: ASCII+33
Adapter sequence: 'AGATCGGAAGAGC' (Illumina TruSeq, Sanger iPCR; auto-detected)
Maximum trimming error rate: 0.1 (default)
Minimum required adapter overlap (stringency): 1 bp
Minimum required sequence length for both reads before a sequence pair gets removed: 20 bp
Length cut-off for read 1: 35 bp (default)
Length cut-off for read 2: 35 bp (default)
Output file will be GZIP compressed


This is cutadapt 1.11 with Python 2.7.12
Command line parameters: -f fastq -e 0.1 -q 20 -O 1 -a AGATCGGAAGAGC ./data_raw/O.1.fastq.gz
Trimming 1 adapter with at most 10.0% errors in single-end mode ...
Finished in 657.50 s (40 us/read; 1.49 M reads/minute).

=== Summary ===

Total reads processed:              16,285,961
Reads with adapters:                10,805,267 (66.3%)
Reads written (passing filters):    16,285,961 (100.0%)

Total basepairs processed: 2,442,894,150 bp
Quality-trimmed:              69,006,645 bp (2.8%)
Total written (filtered):  2,060,503,858 bp (84.3%)

=== Adapter 1 ===

Sequence: AGATCGGAAGAGC; Type: regular 3'; Length: 13; Trimmed: 10805267 times.

No. of allowed errors:
0-9 bp: 0; 10-13 bp: 1

Bases preceding removed adapters:
  A: 17.1%
  C: 34.7%
  G: 29.4%
  T: 18.0%
  none/other: 0.8%

Overview of removed sequences
length	count	expect	max.err	error counts
1	1963000	4071490.2	0	1963000
2	620154	1017872.6	0	620154
3	267317	254468.1	0	267317
4	137316	63617.0	0	137316
5	97831	15904.3	0	97831
6	81131	3976.1	0	81131
7	80452	994.0	0	80452
8	98129	248.5	0	98129
9	127006	62.1	0	126875 131
10	141666	15.5	1	128470 13196
11	99286	3.9	1	88430 10856
12	100775	1.0	1	90632 10143
13	126888	0.2	1	114675 12213
14	92174	0.2	1	82437 9737
15	130233	0.2	1	118075 12158
16	69885	0.2	1	61900 7985
17	109631	0.2	1	98997 10634
18	99036	0.2	1	90234 8802
19	116843	0.2	1	106302 10541
20	90090	0.2	1	81568 8522
21	121583	0.2	1	110330 11253
22	122353	0.2	1	110912 11441
23	122117	0.2	1	110570 11547
24	125744	0.2	1	112558 13186
25	117560	0.2	1	106541 11019
26	107799	0.2	1	97184 10615
27	130266	0.2	1	118029 12237
28	103114	0.2	1	93991 9123
29	147737	0.2	1	133716 14021
30	125503	0.2	1	113941 11562
31	168398	0.2	1	152611 15787
32	100872	0.2	1	91426 9446
33	135968	0.2	1	121937 14031
34	158123	0.2	1	143679 14444
35	81517	0.2	1	74020 7497
36	107964	0.2	1	97785 10179
37	116282	0.2	1	105002 11280
38	105806	0.2	1	95401 10405
39	129531	0.2	1	116790 12741
40	182165	0.2	1	164056 18109
41	246961	0.2	1	223817 23144
42	311464	0.2	1	283417 28047
43	158256	0.2	1	143923 14333
44	57880	0.2	1	52643 5237
45	16852	0.2	1	15277 1575
46	34020	0.2	1	30938 3082
47	66427	0.2	1	60602 5825
48	91993	0.2	1	83829 8164
49	171324	0.2	1	156834 14490
50	47612	0.2	1	42897 4715
51	139209	0.2	1	126074 13135
52	151201	0.2	1	137942 13259
53	109869	0.2	1	99960 9909
54	89966	0.2	1	81827 8139
55	139467	0.2	1	127249 12218
56	118897	0.2	1	108467 10430
57	43491	0.2	1	39516 3975
58	97131	0.2	1	88587 8544
59	163154	0.2	1	148849 14305
60	38846	0.2	1	35244 3602
61	84785	0.2	1	77339 7446
62	123180	0.2	1	112273 10907
63	35598	0.2	1	32371 3227
64	78527	0.2	1	71342 7185
65	99496	0.2	1	90653 8843
66	55116	0.2	1	50072 5044
67	66407	0.2	1	60463 5944
68	65435	0.2	1	59526 5909
69	57792	0.2	1	52377 5415
70	55914	0.2	1	50685 5229
71	60089	0.2	1	53161 6928
72	102519	0.2	1	91223 11296
73	88294	0.2	1	78522 9772
74	92793	0.2	1	81510 11283
75	70384	0.2	1	63145 7239
76	5589	0.2	1	4798 791
77	367	0.2	1	317 50
78	2243	0.2	1	2030 213
79	6685	0.2	1	6033 652
80	10103	0.2	1	9169 934
81	12277	0.2	1	11079 1198
82	12912	0.2	1	11720 1192
83	13223	0.2	1	11973 1250
84	12745	0.2	1	11520 1225
85	12077	0.2	1	10973 1104
86	11633	0.2	1	10518 1115
87	10687	0.2	1	9651 1036
88	9490	0.2	1	8592 898
89	8494	0.2	1	7655 839
90	7690	0.2	1	6968 722
91	6677	0.2	1	6040 637
92	5633	0.2	1	5112 521
93	4874	0.2	1	4348 526
94	4184	0.2	1	3773 411
95	3784	0.2	1	3406 378
96	3469	0.2	1	3150 319
97	3334	0.2	1	3012 322
98	2940	0.2	1	2672 268
99	2660	0.2	1	2388 272
100	2225	0.2	1	1999 226
101	1933	0.2	1	1748 185
102	1619	0.2	1	1409 210
103	1312	0.2	1	1139 173
104	1069	0.2	1	959 110
105	948	0.2	1	814 134
106	825	0.2	1	726 99
107	813	0.2	1	703 110
108	737	0.2	1	636 101
109	642	0.2	1	572 70
110	551	0.2	1	484 67
111	460	0.2	1	395 65
112	387	0.2	1	349 38
113	376	0.2	1	328 48
114	294	0.2	1	250 44
115	274	0.2	1	230 44
116	248	0.2	1	216 32
117	182	0.2	1	153 29
118	185	0.2	1	148 37
119	187	0.2	1	156 31
120	178	0.2	1	144 34
121	181	0.2	1	145 36
122	143	0.2	1	108 35
123	144	0.2	1	108 36
124	113	0.2	1	84 29
125	125	0.2	1	88 37
126	107	0.2	1	59 48
127	117	0.2	1	80 37
128	77	0.2	1	54 23
129	96	0.2	1	71 25
130	55	0.2	1	37 18
131	60	0.2	1	39 21
132	44	0.2	1	27 17
133	45	0.2	1	37 8
134	56	0.2	1	47 9
135	49	0.2	1	45 4
136	26	0.2	1	18 8
137	35	0.2	1	32 3
138	29	0.2	1	23 6
139	39	0.2	1	29 10
140	32	0.2	1	27 5
141	84	0.2	1	81 3
142	30	0.2	1	24 6
143	40	0.2	1	38 2
144	16	0.2	1	14 2
145	83	0.2	1	80 3
146	154	0.2	1	150 4
147	84	0.2	1	80 4
148	260	0.2	1	255 5
149	64	0.2	1	48 16
150	24070	0.2	1	38 24032


RUN STATISTICS FOR INPUT FILE: ./data_raw/O.1.fastq.gz
=============================================
16285961 sequences processed in total

