
SUMMARISING RUN PARAMETERS
==========================
Input filename: ./data_raw/O.2.fastq.gz
Trimming mode: paired-end
Trim Galore version: 0.4.2
Cutadapt version: 1.11
Quality Phred score cutoff: 20
Quality encoding type selected: ASCII+33
Adapter sequence: 'AGATCGGAAGAGC' (Illumina TruSeq, Sanger iPCR; auto-detected)
Maximum trimming error rate: 0.1 (default)
Minimum required adapter overlap (stringency): 1 bp
Minimum required sequence length for both reads before a sequence pair gets removed: 20 bp
Length cut-off for read 1: 35 bp (default)
Length cut-off for read 2: 35 bp (default)
Output file will be GZIP compressed


This is cutadapt 1.11 with Python 2.7.12
Command line parameters: -f fastq -e 0.1 -q 20 -O 1 -a AGATCGGAAGAGC ./data_raw/O.2.fastq.gz
Trimming 1 adapter with at most 10.0% errors in single-end mode ...
Finished in 644.72 s (40 us/read; 1.52 M reads/minute).

=== Summary ===

Total reads processed:              16,285,961
Reads with adapters:                10,112,432 (62.1%)
Reads written (passing filters):    16,285,961 (100.0%)

Total basepairs processed: 2,442,894,150 bp
Quality-trimmed:             260,798,033 bp (10.7%)
Total written (filtered):  1,907,908,100 bp (78.1%)

=== Adapter 1 ===

Sequence: AGATCGGAAGAGC; Type: regular 3'; Length: 13; Trimmed: 10112432 times.

No. of allowed errors:
0-9 bp: 0; 10-13 bp: 1

Bases preceding removed adapters:
  A: 16.4%
  C: 35.4%
  G: 34.8%
  T: 13.1%
  none/other: 0.3%

Overview of removed sequences
length	count	expect	max.err	error counts
1	2022002	4071490.2	0	2022002
2	557160	1017872.6	0	557160
3	280027	254468.1	0	280027
4	128117	63617.0	0	128117
5	124188	15904.3	0	124188
6	74823	3976.1	0	74823
7	80384	994.0	0	80384
8	103113	248.5	0	103113
9	130732	62.1	0	130599 133
10	131687	15.5	1	124794 6893
11	75265	3.9	1	67735 7530
12	77274	1.0	1	71027 6247
13	95589	0.2	1	89545 6044
14	97018	0.2	1	91150 5868
15	92783	0.2	1	87578 5205
16	110847	0.2	1	103272 7575
17	123909	0.2	1	116889 7020
18	145387	0.2	1	137582 7805
19	117710	0.2	1	110646 7064
20	150201	0.2	1	142804 7397
21	59356	0.2	1	54711 4645
22	77502	0.2	1	74224 3278
23	85078	0.2	1	80834 4244
24	131345	0.2	1	124486 6859
25	101774	0.2	1	96420 5354
26	118597	0.2	1	112149 6448
27	169153	0.2	1	159598 9555
28	84278	0.2	1	80224 4054
29	126463	0.2	1	117167 9296
30	110582	0.2	1	105665 4917
31	152516	0.2	1	146137 6379
32	92121	0.2	1	87660 4461
33	105934	0.2	1	100444 5490
34	219938	0.2	1	211028 8910
35	52514	0.2	1	49062 3452
36	129573	0.2	1	123273 6300
37	59795	0.2	1	57224 2571
38	106890	0.2	1	99750 7140
39	129228	0.2	1	123109 6119
40	254194	0.2	1	244574 9620
41	63336	0.2	1	59117 4219
42	60516	0.2	1	57860 2656
43	149650	0.2	1	144495 5155
44	53918	0.2	1	51294 2624
45	198490	0.2	1	191804 6686
46	103839	0.2	1	99095 4744
47	97111	0.2	1	93882 3229
48	80560	0.2	1	75579 4981
49	168722	0.2	1	162581 6141
50	37287	0.2	1	35017 2270
51	133461	0.2	1	128384 5077
52	51530	0.2	1	48916 2614
53	100029	0.2	1	97057 2972
54	113372	0.2	1	110251 3121
55	97778	0.2	1	94263 3515
56	87962	0.2	1	85147 2815
57	116890	0.2	1	113465 3425
58	122476	0.2	1	118309 4167
59	50035	0.2	1	47789 2246
60	116390	0.2	1	113507 2883
61	48512	0.2	1	46522 1990
62	51646	0.2	1	49407 2239
63	90607	0.2	1	88260 2347
64	80822	0.2	1	78025 2797
65	28104	0.2	1	26682 1422
66	82865	0.2	1	80330 2535
67	18514	0.2	1	17570 944
68	52878	0.2	1	50702 2176
69	54361	0.2	1	52409 1952
70	111180	0.2	1	108023 3157
71	17748	0.2	1	16930 818
72	30469	0.2	1	29332 1137
73	32008	0.2	1	30810 1198
74	32664	0.2	1	31509 1155
75	35645	0.2	1	34429 1216
76	46960	0.2	1	45455 1505
77	79030	0.2	1	76790 2240
78	65218	0.2	1	62421 2797
79	19577	0.2	1	18013 1564
80	4236	0.2	1	3647 589
81	442	0.2	1	377 65
82	544	0.2	1	518 26
83	1290	0.2	1	1236 54
84	2592	0.2	1	2518 74
85	4208	0.2	1	4083 125
86	5441	0.2	1	5307 134
87	5333	0.2	1	5181 152
88	4219	0.2	1	4100 119
89	2744	0.2	1	2644 100
90	2303	0.2	1	2222 81
91	1880	0.2	1	1825 55
92	1522	0.2	1	1467 55
93	1176	0.2	1	1139 37
94	961	0.2	1	932 29
95	835	0.2	1	790 45
96	684	0.2	1	656 28
97	691	0.2	1	665 26
98	573	0.2	1	549 24
99	465	0.2	1	446 19
100	382	0.2	1	360 22
101	310	0.2	1	288 22
102	288	0.2	1	257 31
103	215	0.2	1	203 12
104	173	0.2	1	157 16
105	146	0.2	1	134 12
106	113	0.2	1	104 9
107	126	0.2	1	112 14
108	104	0.2	1	95 9
109	93	0.2	1	80 13
110	95	0.2	1	83 12
111	70	0.2	1	62 8
112	65	0.2	1	59 6
113	74	0.2	1	66 8
114	68	0.2	1	56 12
115	45	0.2	1	39 6
116	51	0.2	1	40 11
117	48	0.2	1	35 13
118	42	0.2	1	33 9
119	49	0.2	1	33 16
120	55	0.2	1	42 13
121	43	0.2	1	28 15
122	34	0.2	1	23 11
123	43	0.2	1	28 15
124	48	0.2	1	37 11
125	38	0.2	1	27 11
126	47	0.2	1	28 19
127	27	0.2	1	14 13
128	16	0.2	1	12 4
129	24	0.2	1	15 9
130	13	0.2	1	6 7
131	10	0.2	1	8 2
132	8	0.2	1	3 5
133	13	0.2	1	7 6
134	6	0.2	1	3 3
135	8	0.2	1	5 3
136	5	0.2	1	1 4
137	6	0.2	1	4 2
138	2	0.2	1	2
139	2	0.2	1	2
140	4	0.2	1	1 3
141	10	0.2	1	4 6
142	3	0.2	1	2 1
143	9	0.2	1	6 3
144	1	0.2	1	0 1
145	7	0.2	1	5 2
146	17	0.2	1	14 3
147	14	0.2	1	9 5
148	12	0.2	1	9 3
149	1	0.2	1	1
150	3	0.2	1	2 1


RUN STATISTICS FOR INPUT FILE: ./data_raw/O.2.fastq.gz
=============================================
16285961 sequences processed in total

Total number of sequences analysed for the sequence pair length validation: 16285961

Number of sequence pairs removed because at least one read was shorter than the length cutoff (20 bp): 1166109 (7.16%)
