
SUMMARISING RUN PARAMETERS
==========================
Input filename: ./data_raw/P.1.fastq.gz
Trimming mode: paired-end
Trim Galore version: 0.4.2
Cutadapt version: 1.11
Quality Phred score cutoff: 20
Quality encoding type selected: ASCII+33
Adapter sequence: 'AGATCGGAAGAGC' (Illumina TruSeq, Sanger iPCR; auto-detected)
Maximum trimming error rate: 0.1 (default)
Minimum required adapter overlap (stringency): 1 bp
Minimum required sequence length for both reads before a sequence pair gets removed: 20 bp
Length cut-off for read 1: 35 bp (default)
Length cut-off for read 2: 35 bp (default)
Output file will be GZIP compressed


This is cutadapt 1.11 with Python 2.7.12
Command line parameters: -f fastq -e 0.1 -q 20 -O 1 -a AGATCGGAAGAGC ./data_raw/P.1.fastq.gz
Trimming 1 adapter with at most 10.0% errors in single-end mode ...
Finished in 596.47 s (41 us/read; 1.48 M reads/minute).

=== Summary ===

Total reads processed:              14,726,854
Reads with adapters:                 9,602,110 (65.2%)
Reads written (passing filters):    14,726,854 (100.0%)

Total basepairs processed: 2,209,028,100 bp
Quality-trimmed:              53,941,433 bp (2.4%)
Total written (filtered):  1,890,909,989 bp (85.6%)

=== Adapter 1 ===

Sequence: AGATCGGAAGAGC; Type: regular 3'; Length: 13; Trimmed: 9602110 times.

No. of allowed errors:
0-9 bp: 0; 10-13 bp: 1

Bases preceding removed adapters:
  A: 17.1%
  C: 33.6%
  G: 31.6%
  T: 17.2%
  none/other: 0.4%

Overview of removed sequences
length	count	expect	max.err	error counts
1	1752664	3681713.5	0	1752664
2	586319	920428.4	0	586319
3	246717	230107.1	0	246717
4	128118	57526.8	0	128118
5	92128	14381.7	0	92128
6	77091	3595.4	0	77091
7	76204	898.9	0	76204
8	93868	224.7	0	93868
9	123189	56.2	0	123060 129
10	133038	14.0	1	123318 9720
11	95828	3.5	1	87013 8815
12	94775	0.9	1	86942 7833
13	118073	0.2	1	109250 8823
14	86994	0.2	1	79436 7558
15	120927	0.2	1	111739 9188
16	65756	0.2	1	59330 6426
17	104050	0.2	1	95690 8360
18	91073	0.2	1	84787 6286
19	109644	0.2	1	101885 7759
20	84747	0.2	1	78428 6319
21	115201	0.2	1	106689 8512
22	115191	0.2	1	106756 8435
23	115156	0.2	1	106388 8768
24	118254	0.2	1	108277 9977
25	111674	0.2	1	103399 8275
26	103053	0.2	1	94798 8255
27	124147	0.2	1	115005 9142
28	95611	0.2	1	89033 6578
29	139588	0.2	1	129254 10334
30	119128	0.2	1	110790 8338
31	158115	0.2	1	146420 11695
32	93591	0.2	1	86624 6967
33	124890	0.2	1	114601 10289
34	147456	0.2	1	136973 10483
35	74664	0.2	1	69201 5463
36	102003	0.2	1	94330 7673
37	104745	0.2	1	96861 7884
38	98179	0.2	1	90642 7537
39	118542	0.2	1	109524 9018
40	165804	0.2	1	152851 12953
41	222893	0.2	1	206834 16059
42	275321	0.2	1	256533 18788
43	146013	0.2	1	135809 10204
44	53862	0.2	1	50139 3723
45	16266	0.2	1	15071 1195
46	31457	0.2	1	29372 2085
47	60245	0.2	1	56246 3999
48	81427	0.2	1	75972 5455
49	148858	0.2	1	139605 9253
50	43798	0.2	1	40404 3394
51	121483	0.2	1	112954 8529
52	130943	0.2	1	122314 8629
53	95473	0.2	1	89237 6236
54	76561	0.2	1	71403 5158
55	114754	0.2	1	107342 7412
56	97481	0.2	1	91093 6388
57	36668	0.2	1	34175 2493
58	78961	0.2	1	73912 5049
59	129691	0.2	1	121347 8344
60	31725	0.2	1	29487 2238
61	66835	0.2	1	62600 4235
62	94387	0.2	1	88361 6026
63	27747	0.2	1	25842 1905
64	59666	0.2	1	55797 3869
65	74764	0.2	1	69963 4801
66	39809	0.2	1	37248 2561
67	50245	0.2	1	47082 3163
68	48202	0.2	1	45102 3100
69	41900	0.2	1	39042 2858
70	39448	0.2	1	36820 2628
71	42084	0.2	1	38491 3593
72	71052	0.2	1	65140 5912
73	61562	0.2	1	56460 5102
74	64467	0.2	1	58151 6316
75	49560	0.2	1	45802 3758
76	4156	0.2	1	3713 443
77	259	0.2	1	232 27
78	1473	0.2	1	1379 94
79	4412	0.2	1	4130 282
80	6654	0.2	1	6260 394
81	8020	0.2	1	7500 520
82	8567	0.2	1	8033 534
83	8730	0.2	1	8162 568
84	8560	0.2	1	8012 548
85	8104	0.2	1	7577 527
86	7816	0.2	1	7316 500
87	7201	0.2	1	6763 438
88	6713	0.2	1	6305 408
89	6023	0.2	1	5618 405
90	5400	0.2	1	5043 357
91	4695	0.2	1	4396 299
92	4166	0.2	1	3896 270
93	3463	0.2	1	3230 233
94	3195	0.2	1	2993 202
95	2746	0.2	1	2552 194
96	2551	0.2	1	2368 183
97	2504	0.2	1	2356 148
98	2265	0.2	1	2120 145
99	2018	0.2	1	1877 141
100	1836	0.2	1	1689 147
101	1530	0.2	1	1440 90
102	1337	0.2	1	1233 104
103	1101	0.2	1	1026 75
104	939	0.2	1	850 89
105	841	0.2	1	770 71
106	713	0.2	1	636 77
107	742	0.2	1	672 70
108	607	0.2	1	542 65
109	618	0.2	1	570 48
110	495	0.2	1	443 52
111	385	0.2	1	347 38
112	359	0.2	1	318 41
113	330	0.2	1	303 27
114	259	0.2	1	223 36
115	246	0.2	1	210 36
116	196	0.2	1	160 36
117	208	0.2	1	168 40
118	181	0.2	1	151 30
119	170	0.2	1	127 43
120	158	0.2	1	121 37
121	167	0.2	1	137 30
122	151	0.2	1	113 38
123	140	0.2	1	107 33
124	104	0.2	1	68 36
125	144	0.2	1	114 30
126	92	0.2	1	64 28
127	96	0.2	1	65 31
128	72	0.2	1	49 23
129	75	0.2	1	56 19
130	51	0.2	1	37 14
131	79	0.2	1	58 21
132	41	0.2	1	35 6
133	52	0.2	1	42 10
134	47	0.2	1	38 9
135	23	0.2	1	19 4
136	24	0.2	1	20 4
137	16	0.2	1	15 1
138	21	0.2	1	18 3
139	15	0.2	1	13 2
140	31	0.2	1	27 4
141	49	0.2	1	42 7
142	26	0.2	1	15 11
143	29	0.2	1	26 3
144	15	0.2	1	15
145	65	0.2	1	63 2
146	85	0.2	1	81 4
147	56	0.2	1	54 2
148	134	0.2	1	133 1
149	41	0.2	1	32 9
150	15424	0.2	1	18 15406


RUN STATISTICS FOR INPUT FILE: ./data_raw/P.1.fastq.gz
=============================================
14726854 sequences processed in total

