
SUMMARISING RUN PARAMETERS
==========================
Input filename: ./data_raw/P.2.fastq.gz
Trimming mode: paired-end
Trim Galore version: 0.4.2
Cutadapt version: 1.11
Quality Phred score cutoff: 20
Quality encoding type selected: ASCII+33
Adapter sequence: 'AGATCGGAAGAGC' (Illumina TruSeq, Sanger iPCR; auto-detected)
Maximum trimming error rate: 0.1 (default)
Minimum required adapter overlap (stringency): 1 bp
Minimum required sequence length for both reads before a sequence pair gets removed: 20 bp
Length cut-off for read 1: 35 bp (default)
Length cut-off for read 2: 35 bp (default)
Output file will be GZIP compressed


This is cutadapt 1.11 with Python 2.7.12
Command line parameters: -f fastq -e 0.1 -q 20 -O 1 -a AGATCGGAAGAGC ./data_raw/P.2.fastq.gz
Trimming 1 adapter with at most 10.0% errors in single-end mode ...
Finished in 589.64 s (40 us/read; 1.50 M reads/minute).

=== Summary ===

Total reads processed:              14,726,854
Reads with adapters:                 9,231,597 (62.7%)
Reads written (passing filters):    14,726,854 (100.0%)

Total basepairs processed: 2,209,028,100 bp
Quality-trimmed:             201,088,176 bp (9.1%)
Total written (filtered):  1,784,665,484 bp (80.8%)

=== Adapter 1 ===

Sequence: AGATCGGAAGAGC; Type: regular 3'; Length: 13; Trimmed: 9231597 times.

No. of allowed errors:
0-9 bp: 0; 10-13 bp: 1

Bases preceding removed adapters:
  A: 16.3%
  C: 33.7%
  G: 37.0%
  T: 12.7%
  none/other: 0.2%

Overview of removed sequences
length	count	expect	max.err	error counts
1	1861831	3681713.5	0	1861831
2	571252	920428.4	0	571252
3	256380	230107.1	0	256380
4	117136	57526.8	0	117136
5	116050	14381.7	0	116050
6	69833	3595.4	0	69833
7	77821	898.9	0	77821
8	106572	224.7	0	106572
9	126642	56.2	0	126472 170
10	141546	14.0	1	134737 6809
11	63052	3.5	1	56157 6895
12	77080	0.9	1	71064 6016
13	88727	0.2	1	82671 6056
14	97717	0.2	1	91392 6325
15	91085	0.2	1	86024 5061
16	103522	0.2	1	95941 7581
17	126456	0.2	1	118754 7702
18	134456	0.2	1	126792 7664
19	127295	0.2	1	119325 7970
20	126279	0.2	1	119997 6282
21	55180	0.2	1	50491 4689
22	86338	0.2	1	82328 4010
23	84750	0.2	1	80184 4566
24	148723	0.2	1	140335 8388
25	79586	0.2	1	74827 4759
26	125761	0.2	1	118443 7318
27	169427	0.2	1	158857 10570
28	125969	0.2	1	119894 6075
29	94973	0.2	1	86111 8862
30	125458	0.2	1	119546 5912
31	131365	0.2	1	125210 6155
32	110359	0.2	1	104597 5762
33	100294	0.2	1	94825 5469
34	235810	0.2	1	226779 9031
35	73800	0.2	1	70038 3762
36	119522	0.2	1	112731 6791
37	182928	0.2	1	177019 5909
38	46209	0.2	1	42019 4190
39	105827	0.2	1	101779 4048
40	105218	0.2	1	100530 4688
41	137293	0.2	1	131473 5820
42	187448	0.2	1	181567 5881
43	125101	0.2	1	120192 4909
44	505418	0.2	1	494899 10519
45	138833	0.2	1	133382 5451
46	79803	0.2	1	75626 4177
47	114329	0.2	1	110704 3625
48	35183	0.2	1	32368 2815
49	86735	0.2	1	83607 3128
50	28470	0.2	1	27062 1408
51	50505	0.2	1	48579 1926
52	23924	0.2	1	22729 1195
53	38641	0.2	1	37374 1267
54	85393	0.2	1	83136 2257
55	32464	0.2	1	31112 1352
56	50714	0.2	1	49132 1582
57	140857	0.2	1	137603 3254
58	47527	0.2	1	45731 1796
59	21064	0.2	1	20142 922
60	72576	0.2	1	70915 1661
61	20321	0.2	1	19456 865
62	28380	0.2	1	27154 1226
63	66221	0.2	1	64610 1611
64	23815	0.2	1	22851 964
65	11073	0.2	1	10463 610
66	28830	0.2	1	27925 905
67	7959	0.2	1	7581 378
68	17262	0.2	1	16456 806
69	17589	0.2	1	16988 601
70	40855	0.2	1	39663 1192
71	5244	0.2	1	4984 260
72	10027	0.2	1	9648 379
73	12364	0.2	1	11923 441
74	13778	0.2	1	13311 467
75	15483	0.2	1	14935 548
76	19705	0.2	1	19118 587
77	33362	0.2	1	32446 916
78	33262	0.2	1	32013 1249
79	10212	0.2	1	9552 660
80	1968	0.2	1	1712 256
81	248	0.2	1	215 33
82	303	0.2	1	281 22
83	783	0.2	1	750 33
84	1649	0.2	1	1618 31
85	2374	0.2	1	2317 57
86	3094	0.2	1	3019 75
87	3223	0.2	1	3148 75
88	2323	0.2	1	2251 72
89	1329	0.2	1	1292 37
90	1101	0.2	1	1071 30
91	965	0.2	1	935 30
92	733	0.2	1	706 27
93	596	0.2	1	576 20
94	563	0.2	1	546 17
95	440	0.2	1	426 14
96	429	0.2	1	417 12
97	394	0.2	1	376 18
98	305	0.2	1	294 11
99	277	0.2	1	267 10
100	220	0.2	1	208 12
101	197	0.2	1	185 12
102	162	0.2	1	152 10
103	137	0.2	1	124 13
104	130	0.2	1	120 10
105	102	0.2	1	93 9
106	92	0.2	1	85 7
107	115	0.2	1	102 13
108	68	0.2	1	63 5
109	91	0.2	1	82 9
110	62	0.2	1	54 8
111	63	0.2	1	52 11
112	59	0.2	1	45 14
113	59	0.2	1	50 9
114	58	0.2	1	41 17
115	65	0.2	1	46 19
116	41	0.2	1	29 12
117	51	0.2	1	36 15
118	39	0.2	1	32 7
119	34	0.2	1	18 16
120	41	0.2	1	33 8
121	45	0.2	1	33 12
122	36	0.2	1	24 12
123	41	0.2	1	26 15
124	36	0.2	1	20 16
125	34	0.2	1	20 14
126	24	0.2	1	17 7
127	23	0.2	1	11 12
128	16	0.2	1	7 9
129	18	0.2	1	11 7
130	8	0.2	1	5 3
131	9	0.2	1	5 4
132	10	0.2	1	8 2
133	6	0.2	1	6
134	3	0.2	1	0 3
135	3	0.2	1	2 1
136	6	0.2	1	1 5
137	1	0.2	1	1
138	1	0.2	1	0 1
139	3	0.2	1	1 2
140	2	0.2	1	1 1
141	6	0.2	1	5 1
142	1	0.2	1	1
143	4	0.2	1	4
144	3	0.2	1	1 2
145	2	0.2	1	1 1
146	9	0.2	1	7 2
147	2	0.2	1	2
148	9	0.2	1	8 1
149	3	0.2	1	2 1
150	1	0.2	1	1


RUN STATISTICS FOR INPUT FILE: ./data_raw/P.2.fastq.gz
=============================================
14726854 sequences processed in total

Total number of sequences analysed for the sequence pair length validation: 14726854

Number of sequence pairs removed because at least one read was shorter than the length cutoff (20 bp): 754580 (5.12%)
