
SUMMARISING RUN PARAMETERS
==========================
Input filename: ./data_raw/Q.1.fastq.gz
Trimming mode: paired-end
Trim Galore version: 0.4.2
Cutadapt version: 1.11
Quality Phred score cutoff: 20
Quality encoding type selected: ASCII+33
Adapter sequence: 'AGATCGGAAGAGC' (Illumina TruSeq, Sanger iPCR; auto-detected)
Maximum trimming error rate: 0.1 (default)
Minimum required adapter overlap (stringency): 1 bp
Minimum required sequence length for both reads before a sequence pair gets removed: 20 bp
Length cut-off for read 1: 35 bp (default)
Length cut-off for read 2: 35 bp (default)
Output file will be GZIP compressed


This is cutadapt 1.11 with Python 2.7.12
Command line parameters: -f fastq -e 0.1 -q 20 -O 1 -a AGATCGGAAGAGC ./data_raw/Q.1.fastq.gz
Trimming 1 adapter with at most 10.0% errors in single-end mode ...
Finished in 740.75 s (40 us/read; 1.50 M reads/minute).

=== Summary ===

Total reads processed:              18,460,544
Reads with adapters:                11,589,191 (62.8%)
Reads written (passing filters):    18,460,544 (100.0%)

Total basepairs processed: 2,769,081,600 bp
Quality-trimmed:              71,250,745 bp (2.6%)
Total written (filtered):  2,414,374,001 bp (87.2%)

=== Adapter 1 ===

Sequence: AGATCGGAAGAGC; Type: regular 3'; Length: 13; Trimmed: 11589191 times.

No. of allowed errors:
0-9 bp: 0; 10-13 bp: 1

Bases preceding removed adapters:
  A: 17.5%
  C: 31.7%
  G: 33.8%
  T: 16.7%
  none/other: 0.3%

Overview of removed sequences
length	count	expect	max.err	error counts
1	2307678	4615136.0	0	2307678
2	795704	1153784.0	0	795704
3	337811	288446.0	0	337811
4	173263	72111.5	0	173263
5	122585	18027.9	0	122585
6	102489	4507.0	0	102489
7	102167	1126.7	0	102167
8	123748	281.7	0	123748
9	160623	70.4	0	160442 181
10	176431	17.6	1	165349 11082
11	121475	4.4	1	111451 10024
12	123676	1.1	1	114252 9424
13	154560	0.3	1	144308 10252
14	110894	0.3	1	102456 8438
15	159013	0.3	1	148687 10326
16	81898	0.3	1	74793 7105
17	133051	0.3	1	123620 9431
18	116882	0.3	1	109643 7239
19	143945	0.3	1	134922 9023
20	109618	0.3	1	102468 7150
21	145788	0.3	1	136094 9694
22	154608	0.3	1	144258 10350
23	144043	0.3	1	134484 9559
24	138518	0.3	1	128345 10173
25	136659	0.3	1	127991 8668
26	112745	0.3	1	104937 7808
27	145201	0.3	1	135689 9512
28	134951	0.3	1	126811 8140
29	142985	0.3	1	133451 9534
30	133350	0.3	1	124805 8545
31	144716	0.3	1	135284 9432
32	157687	0.3	1	147969 9718
33	123752	0.3	1	115515 8237
34	124385	0.3	1	116892 7493
35	151536	0.3	1	141391 10145
36	139914	0.3	1	130636 9278
37	167839	0.3	1	157189 10650
38	111423	0.3	1	104249 7174
39	181057	0.3	1	168787 12270
40	162967	0.3	1	152222 10745
41	226852	0.3	1	211977 14875
42	318627	0.3	1	297299 21328
43	282380	0.3	1	262092 20288
44	299243	0.3	1	280875 18368
45	41090	0.3	1	38294 2796
46	58085	0.3	1	54427 3658
47	61259	0.3	1	57525 3734
48	82731	0.3	1	77721 5010
49	141176	0.3	1	133307 7869
50	41174	0.3	1	38181 2993
51	137031	0.3	1	128435 8596
52	107578	0.3	1	101259 6319
53	68639	0.3	1	64478 4161
54	77711	0.3	1	73011 4700
55	112836	0.3	1	106337 6499
56	77950	0.3	1	73515 4435
57	21534	0.3	1	20122 1412
58	58687	0.3	1	55098 3589
59	116353	0.3	1	109415 6938
60	20780	0.3	1	19446 1334
61	49648	0.3	1	46838 2810
62	68076	0.3	1	64065 4011
63	16981	0.3	1	15903 1078
64	39301	0.3	1	36908 2393
65	59138	0.3	1	55641 3497
66	25188	0.3	1	23708 1480
67	29991	0.3	1	28199 1792
68	34090	0.3	1	32113 1977
69	30628	0.3	1	28710 1918
70	29562	0.3	1	27691 1871
71	30614	0.3	1	28502 2112
72	41197	0.3	1	37985 3212
73	49620	0.3	1	45833 3787
74	53268	0.3	1	48638 4630
75	40919	0.3	1	37956 2963
76	3814	0.3	1	3447 367
77	194	0.3	1	175 19
78	1085	0.3	1	1026 59
79	3297	0.3	1	3104 193
80	5489	0.3	1	5155 334
81	6504	0.3	1	6093 411
82	7059	0.3	1	6624 435
83	7153	0.3	1	6735 418
84	6874	0.3	1	6458 416
85	6589	0.3	1	6160 429
86	6514	0.3	1	6133 381
87	6013	0.3	1	5646 367
88	5369	0.3	1	5036 333
89	5102	0.3	1	4762 340
90	4383	0.3	1	4116 267
91	4048	0.3	1	3838 210
92	3484	0.3	1	3274 210
93	3161	0.3	1	2937 224
94	2771	0.3	1	2585 186
95	2521	0.3	1	2374 147
96	2388	0.3	1	2215 173
97	2327	0.3	1	2197 130
98	2183	0.3	1	2025 158
99	1955	0.3	1	1824 131
100	1738	0.3	1	1637 101
101	1521	0.3	1	1408 113
102	1390	0.3	1	1298 92
103	1038	0.3	1	957 81
104	973	0.3	1	913 60
105	779	0.3	1	719 60
106	788	0.3	1	716 72
107	780	0.3	1	703 77
108	664	0.3	1	607 57
109	605	0.3	1	566 39
110	513	0.3	1	470 43
111	434	0.3	1	396 38
112	379	0.3	1	347 32
113	369	0.3	1	328 41
114	292	0.3	1	260 32
115	278	0.3	1	245 33
116	244	0.3	1	209 35
117	213	0.3	1	170 43
118	224	0.3	1	189 35
119	228	0.3	1	197 31
120	165	0.3	1	131 34
121	195	0.3	1	147 48
122	144	0.3	1	115 29
123	154	0.3	1	118 36
124	126	0.3	1	99 27
125	123	0.3	1	85 38
126	101	0.3	1	61 40
127	114	0.3	1	77 37
128	71	0.3	1	48 23
129	97	0.3	1	72 25
130	68	0.3	1	49 19
131	73	0.3	1	47 26
132	41	0.3	1	36 5
133	44	0.3	1	35 9
134	54	0.3	1	46 8
135	47	0.3	1	46 1
136	34	0.3	1	30 4
137	38	0.3	1	33 5
138	40	0.3	1	34 6
139	34	0.3	1	31 3
140	26	0.3	1	23 3
141	62	0.3	1	56 6
142	38	0.3	1	30 8
143	36	0.3	1	35 1
144	16	0.3	1	15 1
145	83	0.3	1	81 2
146	128	0.3	1	128
147	107	0.3	1	103 4
148	316	0.3	1	309 7
149	53	0.3	1	47 6
150	11264	0.3	1	26 11238


RUN STATISTICS FOR INPUT FILE: ./data_raw/Q.1.fastq.gz
=============================================
18460544 sequences processed in total

