
SUMMARISING RUN PARAMETERS
==========================
Input filename: ./data_raw/Q.2.fastq.gz
Trimming mode: paired-end
Trim Galore version: 0.4.2
Cutadapt version: 1.11
Quality Phred score cutoff: 20
Quality encoding type selected: ASCII+33
Adapter sequence: 'AGATCGGAAGAGC' (Illumina TruSeq, Sanger iPCR; auto-detected)
Maximum trimming error rate: 0.1 (default)
Minimum required adapter overlap (stringency): 1 bp
Minimum required sequence length for both reads before a sequence pair gets removed: 20 bp
Length cut-off for read 1: 35 bp (default)
Length cut-off for read 2: 35 bp (default)
Output file will be GZIP compressed


This is cutadapt 1.11 with Python 2.7.12
Command line parameters: -f fastq -e 0.1 -q 20 -O 1 -a AGATCGGAAGAGC ./data_raw/Q.2.fastq.gz
Trimming 1 adapter with at most 10.0% errors in single-end mode ...
Finished in 738.23 s (40 us/read; 1.50 M reads/minute).

=== Summary ===

Total reads processed:              18,460,544
Reads with adapters:                11,257,587 (61.0%)
Reads written (passing filters):    18,460,544 (100.0%)

Total basepairs processed: 2,769,081,600 bp
Quality-trimmed:             219,201,424 bp (7.9%)
Total written (filtered):  2,289,679,758 bp (82.7%)

=== Adapter 1 ===

Sequence: AGATCGGAAGAGC; Type: regular 3'; Length: 13; Trimmed: 11257587 times.

No. of allowed errors:
0-9 bp: 0; 10-13 bp: 1

Bases preceding removed adapters:
  A: 17.6%
  C: 31.9%
  G: 38.1%
  T: 12.2%
  none/other: 0.2%

Overview of removed sequences
length	count	expect	max.err	error counts
1	2535041	4615136.0	0	2535041
2	734109	1153784.0	0	734109
3	360836	288446.0	0	360836
4	152719	72111.5	0	152719
5	158987	18027.9	0	158987
6	92066	4507.0	0	92066
7	98036	1126.7	0	98036
8	131603	281.7	0	131603
9	171337	70.4	0	171080 257
10	176777	17.6	1	168319 8458
11	92001	4.4	1	82684 9317
12	91335	1.1	1	83934 7401
13	123761	0.3	1	116165 7596
14	121529	0.3	1	115014 6515
15	110260	0.3	1	104720 5540
16	139647	0.3	1	130456 9191
17	156597	0.3	1	147810 8787
18	172052	0.3	1	163544 8508
19	133561	0.3	1	126330 7231
20	166143	0.3	1	159316 6827
21	77092	0.3	1	71428 5664
22	102377	0.3	1	98511 3866
23	106884	0.3	1	102179 4705
24	151328	0.3	1	144318 7010
25	111321	0.3	1	105827 5494
26	147542	0.3	1	139883 7659
27	227601	0.3	1	214937 12664
28	129497	0.3	1	123809 5688
29	135744	0.3	1	124696 11048
30	123165	0.3	1	117706 5459
31	175400	0.3	1	168264 7136
32	83008	0.3	1	78224 4784
33	186919	0.3	1	179988 6931
34	157164	0.3	1	147593 9571
35	122889	0.3	1	117010 5879
36	159570	0.3	1	154425 5145
37	145929	0.3	1	140465 5464
38	107735	0.3	1	103255 4480
39	160436	0.3	1	154486 5950
40	83709	0.3	1	80289 3420
41	123713	0.3	1	120180 3533
42	147409	0.3	1	143482 3927
43	112377	0.3	1	108837 3540
44	82622	0.3	1	79642 2980
45	181796	0.3	1	176804 4992
46	96626	0.3	1	92624 4002
47	154281	0.3	1	150426 3855
48	72306	0.3	1	68435 3871
49	141698	0.3	1	137500 4198
50	47608	0.3	1	45525 2083
51	91679	0.3	1	88855 2824
52	56553	0.3	1	54379 2174
53	79964	0.3	1	77853 2111
54	112213	0.3	1	109624 2589
55	66363	0.3	1	64292 2071
56	76966	0.3	1	74848 2118
57	116900	0.3	1	114191 2709
58	82883	0.3	1	80591 2292
59	40593	0.3	1	39114 1479
60	82996	0.3	1	81311 1685
61	41132	0.3	1	39827 1305
62	41213	0.3	1	39812 1401
63	68996	0.3	1	67436 1560
64	52953	0.3	1	51578 1375
65	23139	0.3	1	22144 995
66	47153	0.3	1	46013 1140
67	13921	0.3	1	13450 471
68	34033	0.3	1	32911 1122
69	32481	0.3	1	31541 940
70	58844	0.3	1	57537 1307
71	11065	0.3	1	10647 418
72	19623	0.3	1	19039 584
73	21284	0.3	1	20682 602
74	21625	0.3	1	20983 642
75	22692	0.3	1	22082 610
76	30439	0.3	1	29638 801
77	51492	0.3	1	50297 1195
78	40245	0.3	1	38722 1523
79	11550	0.3	1	10760 790
80	2372	0.3	1	2055 317
81	312	0.3	1	271 41
82	423	0.3	1	396 27
83	1038	0.3	1	1012 26
84	1924	0.3	1	1883 41
85	2766	0.3	1	2706 60
86	3676	0.3	1	3600 76
87	3614	0.3	1	3541 73
88	2603	0.3	1	2540 63
89	1930	0.3	1	1892 38
90	1641	0.3	1	1602 39
91	1346	0.3	1	1309 37
92	1147	0.3	1	1117 30
93	919	0.3	1	893 26
94	776	0.3	1	751 25
95	696	0.3	1	669 27
96	567	0.3	1	553 14
97	536	0.3	1	520 16
98	497	0.3	1	480 17
99	450	0.3	1	434 16
100	389	0.3	1	372 17
101	311	0.3	1	300 11
102	265	0.3	1	249 16
103	192	0.3	1	179 13
104	185	0.3	1	180 5
105	144	0.3	1	132 12
106	121	0.3	1	114 7
107	121	0.3	1	109 12
108	112	0.3	1	109 3
109	99	0.3	1	86 13
110	95	0.3	1	86 9
111	91	0.3	1	78 13
112	66	0.3	1	59 7
113	76	0.3	1	58 18
114	57	0.3	1	40 17
115	59	0.3	1	49 10
116	58	0.3	1	45 13
117	68	0.3	1	46 22
118	51	0.3	1	36 15
119	64	0.3	1	39 25
120	48	0.3	1	35 13
121	65	0.3	1	50 15
122	47	0.3	1	30 17
123	50	0.3	1	28 22
124	38	0.3	1	28 10
125	37	0.3	1	23 14
126	38	0.3	1	23 15
127	26	0.3	1	14 12
128	19	0.3	1	12 7
129	21	0.3	1	12 9
130	13	0.3	1	4 9
131	16	0.3	1	10 6
132	5	0.3	1	2 3
133	15	0.3	1	8 7
134	8	0.3	1	6 2
135	11	0.3	1	8 3
136	9	0.3	1	7 2
137	12	0.3	1	8 4
138	5	0.3	1	3 2
139	7	0.3	1	3 4
140	5	0.3	1	1 4
141	10	0.3	1	4 6
142	5	0.3	1	4 1
143	6	0.3	1	3 3
144	1	0.3	1	0 1
145	5	0.3	1	3 2
146	17	0.3	1	16 1
147	16	0.3	1	10 6
148	29	0.3	1	25 4
149	9	0.3	1	6 3
150	4	0.3	1	3 1


RUN STATISTICS FOR INPUT FILE: ./data_raw/Q.2.fastq.gz
=============================================
18460544 sequences processed in total

Total number of sequences analysed for the sequence pair length validation: 18460544

Number of sequence pairs removed because at least one read was shorter than the length cutoff (20 bp): 816193 (4.42%)
