
SUMMARISING RUN PARAMETERS
==========================
Input filename: ./data_raw/R.1.fastq.gz
Trimming mode: paired-end
Trim Galore version: 0.4.2
Cutadapt version: 1.11
Quality Phred score cutoff: 20
Quality encoding type selected: ASCII+33
Adapter sequence: 'AGATCGGAAGAGC' (Illumina TruSeq, Sanger iPCR; auto-detected)
Maximum trimming error rate: 0.1 (default)
Minimum required adapter overlap (stringency): 1 bp
Minimum required sequence length for both reads before a sequence pair gets removed: 20 bp
Length cut-off for read 1: 35 bp (default)
Length cut-off for read 2: 35 bp (default)
Output file will be GZIP compressed


This is cutadapt 1.11 with Python 2.7.12
Command line parameters: -f fastq -e 0.1 -q 20 -O 1 -a AGATCGGAAGAGC ./data_raw/R.1.fastq.gz
Trimming 1 adapter with at most 10.0% errors in single-end mode ...
Finished in 692.85 s (41 us/read; 1.46 M reads/minute).

=== Summary ===

Total reads processed:              16,891,058
Reads with adapters:                10,768,798 (63.8%)
Reads written (passing filters):    16,891,058 (100.0%)

Total basepairs processed: 2,533,658,700 bp
Quality-trimmed:              66,484,873 bp (2.6%)
Total written (filtered):  2,188,612,644 bp (86.4%)

=== Adapter 1 ===

Sequence: AGATCGGAAGAGC; Type: regular 3'; Length: 13; Trimmed: 10768798 times.

No. of allowed errors:
0-9 bp: 0; 10-13 bp: 1

Bases preceding removed adapters:
  A: 16.7%
  C: 35.7%
  G: 29.2%
  T: 18.0%
  none/other: 0.4%

Overview of removed sequences
length	count	expect	max.err	error counts
1	2069543	4222764.5	0	2069543
2	712988	1055691.1	0	712988
3	292467	263922.8	0	292467
4	151536	65980.7	0	151536
5	105896	16495.2	0	105896
6	88246	4123.8	0	88246
7	88714	1030.9	0	88714
8	107976	257.7	0	107976
9	138915	64.4	0	138759 156
10	157450	16.1	1	144311 13139
11	105635	4.0	1	95072 10563
12	109565	1.0	1	99060 10505
13	137516	0.3	1	125435 12081
14	96970	0.3	1	87605 9365
15	141923	0.3	1	129662 12261
16	71711	0.3	1	64203 7508
17	116886	0.3	1	106511 10375
18	103673	0.3	1	95260 8413
19	128173	0.3	1	117585 10588
20	99268	0.3	1	90841 8427
21	130585	0.3	1	119337 11248
22	138945	0.3	1	126613 12332
23	128106	0.3	1	117207 10899
24	125175	0.3	1	113603 11572
25	121894	0.3	1	111673 10221
26	100391	0.3	1	91571 8820
27	130805	0.3	1	119397 11408
28	121553	0.3	1	111545 10008
29	127835	0.3	1	116560 11275
30	121212	0.3	1	110731 10481
31	131456	0.3	1	120459 10997
32	144255	0.3	1	132274 11981
33	111556	0.3	1	101590 9966
34	114196	0.3	1	105128 9068
35	137865	0.3	1	125704 12161
36	129631	0.3	1	118174 11457
37	152915	0.3	1	140011 12904
38	102368	0.3	1	93947 8421
39	167681	0.3	1	152920 14761
40	157033	0.3	1	143118 13915
41	218911	0.3	1	199732 19179
42	312575	0.3	1	285059 27516
43	274674	0.3	1	248524 26150
44	288142	0.3	1	264130 24012
45	39456	0.3	1	36101 3355
46	55128	0.3	1	50505 4623
47	59009	0.3	1	54098 4911
48	81613	0.3	1	74994 6619
49	138546	0.3	1	127482 11064
50	40687	0.3	1	36814 3873
51	135608	0.3	1	124102 11506
52	109732	0.3	1	100845 8887
53	69211	0.3	1	63492 5719
54	80209	0.3	1	73682 6527
55	118102	0.3	1	108647 9455
56	80865	0.3	1	74380 6485
57	22306	0.3	1	20417 1889
58	61405	0.3	1	56396 5009
59	122551	0.3	1	112645 9906
60	22498	0.3	1	20586 1912
61	52704	0.3	1	48515 4189
62	74077	0.3	1	68005 6072
63	18559	0.3	1	17008 1551
64	43356	0.3	1	39880 3476
65	66536	0.3	1	61125 5411
66	28447	0.3	1	26067 2380
67	33396	0.3	1	30711 2685
68	38330	0.3	1	35268 3062
69	35031	0.3	1	31975 3056
70	33764	0.3	1	30858 2906
71	34539	0.3	1	31356 3183
72	47099	0.3	1	42081 5018
73	56543	0.3	1	50631 5912
74	61943	0.3	1	54609 7334
75	47072	0.3	1	42552 4520
76	4353	0.3	1	3883 470
77	243	0.3	1	215 28
78	1270	0.3	1	1157 113
79	3900	0.3	1	3562 338
80	6208	0.3	1	5673 535
81	7263	0.3	1	6627 636
82	7809	0.3	1	7154 655
83	8236	0.3	1	7486 750
84	7992	0.3	1	7282 710
85	7548	0.3	1	6920 628
86	7160	0.3	1	6568 592
87	6971	0.3	1	6356 615
88	6345	0.3	1	5850 495
89	5625	0.3	1	5171 454
90	4915	0.3	1	4484 431
91	4446	0.3	1	4063 383
92	3895	0.3	1	3548 347
93	3382	0.3	1	3074 308
94	2946	0.3	1	2650 296
95	2684	0.3	1	2433 251
96	2472	0.3	1	2261 211
97	2379	0.3	1	2181 198
98	2307	0.3	1	2103 204
99	1930	0.3	1	1775 155
100	1754	0.3	1	1604 150
101	1495	0.3	1	1350 145
102	1267	0.3	1	1132 135
103	1033	0.3	1	920 113
104	855	0.3	1	761 94
105	758	0.3	1	684 74
106	655	0.3	1	585 70
107	720	0.3	1	618 102
108	616	0.3	1	533 83
109	588	0.3	1	537 51
110	503	0.3	1	452 51
111	452	0.3	1	377 75
112	381	0.3	1	335 46
113	307	0.3	1	280 27
114	254	0.3	1	222 32
115	264	0.3	1	237 27
116	241	0.3	1	203 38
117	206	0.3	1	181 25
118	211	0.3	1	171 40
119	196	0.3	1	161 35
120	154	0.3	1	126 28
121	159	0.3	1	132 27
122	149	0.3	1	113 36
123	150	0.3	1	109 41
124	115	0.3	1	88 27
125	120	0.3	1	92 28
126	95	0.3	1	68 27
127	119	0.3	1	84 35
128	78	0.3	1	55 23
129	65	0.3	1	46 19
130	57	0.3	1	41 16
131	72	0.3	1	53 19
132	40	0.3	1	31 9
133	47	0.3	1	41 6
134	58	0.3	1	51 7
135	58	0.3	1	51 7
136	43	0.3	1	33 10
137	31	0.3	1	24 7
138	43	0.3	1	40 3
139	31	0.3	1	27 4
140	23	0.3	1	17 6
141	74	0.3	1	69 5
142	34	0.3	1	19 15
143	44	0.3	1	41 3
144	29	0.3	1	24 5
145	104	0.3	1	100 4
146	142	0.3	1	139 3
147	91	0.3	1	85 6
148	228	0.3	1	226 2
149	66	0.3	1	50 16
150	18112	0.3	1	53 18059


RUN STATISTICS FOR INPUT FILE: ./data_raw/R.1.fastq.gz
=============================================
16891058 sequences processed in total

