
SUMMARISING RUN PARAMETERS
==========================
Input filename: ./data_raw/R.2.fastq.gz
Trimming mode: paired-end
Trim Galore version: 0.4.2
Cutadapt version: 1.11
Quality Phred score cutoff: 20
Quality encoding type selected: ASCII+33
Adapter sequence: 'AGATCGGAAGAGC' (Illumina TruSeq, Sanger iPCR; auto-detected)
Maximum trimming error rate: 0.1 (default)
Minimum required adapter overlap (stringency): 1 bp
Minimum required sequence length for both reads before a sequence pair gets removed: 20 bp
Length cut-off for read 1: 35 bp (default)
Length cut-off for read 2: 35 bp (default)
Output file will be GZIP compressed


This is cutadapt 1.11 with Python 2.7.12
Command line parameters: -f fastq -e 0.1 -q 20 -O 1 -a AGATCGGAAGAGC ./data_raw/R.2.fastq.gz
Trimming 1 adapter with at most 10.0% errors in single-end mode ...
Finished in 676.30 s (40 us/read; 1.50 M reads/minute).

=== Summary ===

Total reads processed:              16,891,058
Reads with adapters:                10,209,783 (60.4%)
Reads written (passing filters):    16,891,058 (100.0%)

Total basepairs processed: 2,533,658,700 bp
Quality-trimmed:             246,678,171 bp (9.7%)
Total written (filtered):  2,037,995,355 bp (80.4%)

=== Adapter 1 ===

Sequence: AGATCGGAAGAGC; Type: regular 3'; Length: 13; Trimmed: 10209783 times.

No. of allowed errors:
0-9 bp: 0; 10-13 bp: 1

Bases preceding removed adapters:
  A: 16.3%
  C: 37.3%
  G: 33.3%
  T: 12.9%
  none/other: 0.2%

Overview of removed sequences
length	count	expect	max.err	error counts
1	2229579	4222764.5	0	2229579
2	631367	1055691.1	0	631367
3	307999	263922.8	0	307999
4	131053	65980.7	0	131053
5	139797	16495.2	0	139797
6	79611	4123.8	0	79611
7	84075	1030.9	0	84075
8	111784	257.7	0	111784
9	148881	64.4	0	148694 187
10	146523	16.1	1	138862 7661
11	83624	4.0	1	74952 8672
12	78475	1.0	1	71765 6710
13	109195	0.3	1	101946 7249
14	104936	0.3	1	98788 6148
15	94350	0.3	1	89152 5198
16	123670	0.3	1	114848 8822
17	134686	0.3	1	126662 8024
18	153171	0.3	1	144787 8384
19	119384	0.3	1	112413 6971
20	150978	0.3	1	143710 7268
21	68895	0.3	1	63656 5239
22	82663	0.3	1	79223 3440
23	92258	0.3	1	87926 4332
24	127942	0.3	1	121699 6243
25	109398	0.3	1	103773 5625
26	128564	0.3	1	121364 7200
27	192887	0.3	1	181521 11366
28	90301	0.3	1	85783 4518
29	147376	0.3	1	135432 11944
30	116895	0.3	1	111598 5297
31	154712	0.3	1	147692 7020
32	79319	0.3	1	75121 4198
33	171497	0.3	1	164568 6929
34	85984	0.3	1	79979 6005
35	90881	0.3	1	87206 3675
36	174101	0.3	1	168156 5945
37	100902	0.3	1	94712 6190
38	163811	0.3	1	157765 6046
39	90475	0.3	1	83692 6783
40	81343	0.3	1	78151 3192
41	128791	0.3	1	123955 4836
42	149034	0.3	1	143948 5086
43	122373	0.3	1	117887 4486
44	92916	0.3	1	88804 4112
45	184946	0.3	1	178597 6349
46	96681	0.3	1	91843 4838
47	136825	0.3	1	132817 4008
48	67911	0.3	1	63575 4336
49	142313	0.3	1	137308 5005
50	42554	0.3	1	40307 2247
51	97483	0.3	1	93800 3683
52	46703	0.3	1	44519 2184
53	77358	0.3	1	75001 2357
54	109733	0.3	1	106744 2989
55	69089	0.3	1	66641 2448
56	74242	0.3	1	71932 2310
57	122139	0.3	1	118878 3261
58	88807	0.3	1	85887 2920
59	37863	0.3	1	36192 1671
60	89254	0.3	1	87189 2065
61	40033	0.3	1	38461 1572
62	42559	0.3	1	40708 1851
63	74267	0.3	1	72376 1891
64	55071	0.3	1	53345 1726
65	24220	0.3	1	23004 1216
66	53348	0.3	1	51748 1600
67	13531	0.3	1	12960 571
68	36625	0.3	1	35166 1459
69	34011	0.3	1	32894 1117
70	65183	0.3	1	63311 1872
71	11286	0.3	1	10772 514
72	20520	0.3	1	19789 731
73	22664	0.3	1	21875 789
74	23073	0.3	1	22277 796
75	25092	0.3	1	24332 760
76	32944	0.3	1	31965 979
77	54020	0.3	1	52452 1568
78	43336	0.3	1	41443 1893
79	12632	0.3	1	11606 1026
80	2732	0.3	1	2378 354
81	314	0.3	1	281 33
82	387	0.3	1	364 23
83	944	0.3	1	909 35
84	1728	0.3	1	1687 41
85	2734	0.3	1	2665 69
86	3397	0.3	1	3323 74
87	3607	0.3	1	3500 107
88	3076	0.3	1	2986 90
89	2317	0.3	1	2258 59
90	1913	0.3	1	1862 51
91	1660	0.3	1	1612 48
92	1444	0.3	1	1404 40
93	1094	0.3	1	1059 35
94	886	0.3	1	853 33
95	807	0.3	1	776 31
96	746	0.3	1	715 31
97	686	0.3	1	658 28
98	612	0.3	1	590 22
99	502	0.3	1	479 23
100	457	0.3	1	433 24
101	343	0.3	1	320 23
102	301	0.3	1	282 19
103	201	0.3	1	186 15
104	198	0.3	1	183 15
105	142	0.3	1	135 7
106	135	0.3	1	121 14
107	138	0.3	1	128 10
108	123	0.3	1	107 16
109	121	0.3	1	106 15
110	90	0.3	1	86 4
111	75	0.3	1	63 12
112	87	0.3	1	77 10
113	72	0.3	1	65 7
114	58	0.3	1	48 10
115	70	0.3	1	59 11
116	62	0.3	1	47 15
117	61	0.3	1	49 12
118	54	0.3	1	43 11
119	65	0.3	1	51 14
120	48	0.3	1	34 14
121	56	0.3	1	41 15
122	43	0.3	1	29 14
123	45	0.3	1	31 14
124	41	0.3	1	29 12
125	42	0.3	1	24 18
126	29	0.3	1	15 14
127	36	0.3	1	24 12
128	23	0.3	1	15 8
129	17	0.3	1	9 8
130	19	0.3	1	12 7
131	9	0.3	1	5 4
132	13	0.3	1	7 6
133	12	0.3	1	10 2
134	8	0.3	1	6 2
135	7	0.3	1	5 2
136	9	0.3	1	6 3
137	6	0.3	1	5 1
138	4	0.3	1	4
139	2	0.3	1	1 1
140	2	0.3	1	0 2
141	10	0.3	1	8 2
142	3	0.3	1	1 2
143	8	0.3	1	6 2
144	4	0.3	1	3 1
145	16	0.3	1	13 3
146	13	0.3	1	10 3
147	12	0.3	1	8 4
148	27	0.3	1	22 5
149	2	0.3	1	0 2
150	6	0.3	1	6


RUN STATISTICS FOR INPUT FILE: ./data_raw/R.2.fastq.gz
=============================================
16891058 sequences processed in total

Total number of sequences analysed for the sequence pair length validation: 16891058

Number of sequence pairs removed because at least one read was shorter than the length cutoff (20 bp): 1035570 (6.13%)
