
SUMMARISING RUN PARAMETERS
==========================
Input filename: ./data_raw/S.1.fastq.gz
Trimming mode: paired-end
Trim Galore version: 0.4.2
Cutadapt version: 1.11
Quality Phred score cutoff: 20
Quality encoding type selected: ASCII+33
Adapter sequence: 'AGATCGGAAGAGC' (Illumina TruSeq, Sanger iPCR; auto-detected)
Maximum trimming error rate: 0.1 (default)
Minimum required adapter overlap (stringency): 1 bp
Minimum required sequence length for both reads before a sequence pair gets removed: 20 bp
Length cut-off for read 1: 35 bp (default)
Length cut-off for read 2: 35 bp (default)
Output file will be GZIP compressed


This is cutadapt 1.11 with Python 2.7.12
Command line parameters: -f fastq -e 0.1 -q 20 -O 1 -a AGATCGGAAGAGC ./data_raw/S.1.fastq.gz
Trimming 1 adapter with at most 10.0% errors in single-end mode ...
Finished in 642.75 s (41 us/read; 1.48 M reads/minute).

=== Summary ===

Total reads processed:              15,824,914
Reads with adapters:                10,477,802 (66.2%)
Reads written (passing filters):    15,824,914 (100.0%)

Total basepairs processed: 2,373,737,100 bp
Quality-trimmed:              67,927,388 bp (2.9%)
Total written (filtered):  2,011,141,568 bp (84.7%)

=== Adapter 1 ===

Sequence: AGATCGGAAGAGC; Type: regular 3'; Length: 13; Trimmed: 10477802 times.

No. of allowed errors:
0-9 bp: 0; 10-13 bp: 1

Bases preceding removed adapters:
  A: 16.9%
  C: 33.4%
  G: 32.0%
  T: 17.2%
  none/other: 0.5%

Overview of removed sequences
length	count	expect	max.err	error counts
1	1820362	3956228.5	0	1820362
2	629322	989057.1	0	629322
3	266430	247264.3	0	266430
4	139177	61816.1	0	139177
5	97671	15454.0	0	97671
6	81638	3863.5	0	81638
7	81810	965.9	0	81810
8	99374	241.5	0	99374
9	127628	60.4	0	127474 154
10	143383	15.1	1	132282 11101
11	96453	3.8	1	87118 9335
12	100589	0.9	1	91483 9106
13	126277	0.2	1	115982 10295
14	90155	0.2	1	81974 8181
15	131109	0.2	1	120570 10539
16	67419	0.2	1	60631 6788
17	109190	0.2	1	100118 9072
18	96788	0.2	1	89421 7367
19	118505	0.2	1	109367 9138
20	91660	0.2	1	84405 7255
21	120180	0.2	1	110586 9594
22	129932	0.2	1	119464 10468
23	119939	0.2	1	110421 9518
24	116684	0.2	1	106400 10284
25	115249	0.2	1	106275 8974
26	95796	0.2	1	88102 7694
27	123940	0.2	1	114123 9817
28	115418	0.2	1	106823 8595
29	121838	0.2	1	112162 9676
30	114199	0.2	1	105102 9097
31	123912	0.2	1	114447 9465
32	136602	0.2	1	126137 10465
33	106580	0.2	1	97886 8694
34	109862	0.2	1	101523 8339
35	133214	0.2	1	122283 10931
36	125663	0.2	1	115401 10262
37	150334	0.2	1	138632 11702
38	101694	0.2	1	93793 7901
39	165442	0.2	1	151901 13541
40	158122	0.2	1	145499 12623
41	224492	0.2	1	206621 17871
42	321963	0.2	1	295978 25985
43	285877	0.2	1	261463 24414
44	302281	0.2	1	279930 22351
45	41796	0.2	1	38405 3391
46	57941	0.2	1	53519 4422
47	59994	0.2	1	55460 4534
48	84500	0.2	1	78278 6222
49	144958	0.2	1	135102 9856
50	43001	0.2	1	39324 3677
51	143715	0.2	1	132803 10912
52	115636	0.2	1	107220 8416
53	72840	0.2	1	67354 5486
54	85582	0.2	1	79303 6279
55	128109	0.2	1	118888 9221
56	88515	0.2	1	82304 6211
57	24616	0.2	1	22750 1866
58	68710	0.2	1	64006 4704
59	140081	0.2	1	130550 9531
60	24855	0.2	1	22972 1883
61	61053	0.2	1	56763 4290
62	85746	0.2	1	79783 5963
63	21362	0.2	1	19787 1575
64	50620	0.2	1	46995 3625
65	77894	0.2	1	72541 5353
66	34044	0.2	1	31532 2512
67	40650	0.2	1	37825 2825
68	48226	0.2	1	44871 3355
69	43399	0.2	1	40124 3275
70	42400	0.2	1	39263 3137
71	44196	0.2	1	40618 3578
72	60634	0.2	1	55014 5620
73	74028	0.2	1	67276 6752
74	80595	0.2	1	72328 8267
75	61323	0.2	1	56188 5135
76	5538	0.2	1	4940 598
77	314	0.2	1	280 34
78	1685	0.2	1	1561 124
79	5276	0.2	1	4927 349
80	8685	0.2	1	8052 633
81	10363	0.2	1	9610 753
82	11088	0.2	1	10299 789
83	11005	0.2	1	10267 738
84	10739	0.2	1	9966 773
85	10104	0.2	1	9424 680
86	10051	0.2	1	9356 695
87	9274	0.2	1	8613 661
88	8448	0.2	1	7837 611
89	7836	0.2	1	7331 505
90	6930	0.2	1	6503 427
91	6232	0.2	1	5853 379
92	5607	0.2	1	5229 378
93	4632	0.2	1	4314 318
94	3963	0.2	1	3688 275
95	3624	0.2	1	3355 269
96	3369	0.2	1	3149 220
97	3241	0.2	1	3021 220
98	3032	0.2	1	2811 221
99	2695	0.2	1	2497 198
100	2402	0.2	1	2229 173
101	2089	0.2	1	1945 144
102	1666	0.2	1	1548 118
103	1361	0.2	1	1242 119
104	1117	0.2	1	1036 81
105	922	0.2	1	845 77
106	859	0.2	1	781 78
107	819	0.2	1	740 79
108	779	0.2	1	726 53
109	704	0.2	1	651 53
110	602	0.2	1	556 46
111	482	0.2	1	443 39
112	376	0.2	1	345 31
113	395	0.2	1	352 43
114	311	0.2	1	265 46
115	330	0.2	1	288 42
116	226	0.2	1	198 28
117	214	0.2	1	189 25
118	182	0.2	1	159 23
119	156	0.2	1	140 16
120	142	0.2	1	122 20
121	170	0.2	1	137 33
122	122	0.2	1	100 22
123	132	0.2	1	98 34
124	106	0.2	1	77 29
125	114	0.2	1	89 25
126	108	0.2	1	73 35
127	92	0.2	1	67 25
128	77	0.2	1	54 23
129	72	0.2	1	51 21
130	58	0.2	1	36 22
131	62	0.2	1	40 22
132	34	0.2	1	28 6
133	48	0.2	1	39 9
134	46	0.2	1	41 5
135	48	0.2	1	41 7
136	33	0.2	1	25 8
137	34	0.2	1	26 8
138	39	0.2	1	36 3
139	33	0.2	1	29 4
140	20	0.2	1	17 3
141	61	0.2	1	58 3
142	29	0.2	1	20 9
143	46	0.2	1	39 7
144	17	0.2	1	15 2
145	95	0.2	1	90 5
146	160	0.2	1	158 2
147	72	0.2	1	68 4
148	247	0.2	1	247
149	73	0.2	1	65 8
150	20517	0.2	1	29 20488


RUN STATISTICS FOR INPUT FILE: ./data_raw/S.1.fastq.gz
=============================================
15824914 sequences processed in total

