
SUMMARISING RUN PARAMETERS
==========================
Input filename: ./data_raw/S.2.fastq.gz
Trimming mode: paired-end
Trim Galore version: 0.4.2
Cutadapt version: 1.11
Quality Phred score cutoff: 20
Quality encoding type selected: ASCII+33
Adapter sequence: 'AGATCGGAAGAGC' (Illumina TruSeq, Sanger iPCR; auto-detected)
Maximum trimming error rate: 0.1 (default)
Minimum required adapter overlap (stringency): 1 bp
Minimum required sequence length for both reads before a sequence pair gets removed: 20 bp
Length cut-off for read 1: 35 bp (default)
Length cut-off for read 2: 35 bp (default)
Output file will be GZIP compressed


This is cutadapt 1.11 with Python 2.7.12
Command line parameters: -f fastq -e 0.1 -q 20 -O 1 -a AGATCGGAAGAGC ./data_raw/S.2.fastq.gz
Trimming 1 adapter with at most 10.0% errors in single-end mode ...
Finished in 631.45 s (40 us/read; 1.50 M reads/minute).

=== Summary ===

Total reads processed:              15,824,914
Reads with adapters:                 9,964,182 (63.0%)
Reads written (passing filters):    15,824,914 (100.0%)

Total basepairs processed: 2,373,737,100 bp
Quality-trimmed:             227,959,418 bp (9.6%)
Total written (filtered):  1,882,366,732 bp (79.3%)

=== Adapter 1 ===

Sequence: AGATCGGAAGAGC; Type: regular 3'; Length: 13; Trimmed: 9964182 times.

No. of allowed errors:
0-9 bp: 0; 10-13 bp: 1

Bases preceding removed adapters:
  A: 16.3%
  C: 34.7%
  G: 36.0%
  T: 12.9%
  none/other: 0.2%

Overview of removed sequences
length	count	expect	max.err	error counts
1	1983588	3956228.5	0	1983588
2	555891	989057.1	0	555891
3	280205	247264.3	0	280205
4	121904	61816.1	0	121904
5	128270	15454.0	0	128270
6	74038	3863.5	0	74038
7	77903	965.9	0	77903
8	101551	241.5	0	101551
9	135537	60.4	0	135367 170
10	134154	15.1	1	127067 7087
11	78580	3.8	1	70188 8392
12	72762	0.9	1	66335 6427
13	101018	0.2	1	94281 6737
14	98127	0.2	1	92206 5921
15	88108	0.2	1	83155 4953
16	116498	0.2	1	108277 8221
17	126202	0.2	1	118778 7424
18	143755	0.2	1	135959 7796
19	110128	0.2	1	103640 6488
20	142340	0.2	1	135589 6751
21	64475	0.2	1	59478 4997
22	77946	0.2	1	74903 3043
23	86901	0.2	1	82807 4094
24	122443	0.2	1	116351 6092
25	104490	0.2	1	99221 5269
26	123269	0.2	1	116398 6871
27	191906	0.2	1	180283 11623
28	88411	0.2	1	83943 4468
29	144598	0.2	1	133008 11590
30	109146	0.2	1	104013 5133
31	151724	0.2	1	144961 6763
32	73557	0.2	1	69247 4310
33	162873	0.2	1	156333 6540
34	117361	0.2	1	108783 8578
35	128163	0.2	1	123194 4969
36	287763	0.2	1	277969 9794
37	107691	0.2	1	102388 5303
38	124578	0.2	1	119596 4982
39	76927	0.2	1	71771 5156
40	155949	0.2	1	150569 5380
41	80699	0.2	1	75738 4961
42	54113	0.2	1	51746 2367
43	137254	0.2	1	132834 4420
44	62345	0.2	1	59788 2557
45	191876	0.2	1	185949 5927
46	108840	0.2	1	104085 4755
47	109031	0.2	1	105933 3098
48	81731	0.2	1	77059 4672
49	152164	0.2	1	147116 5048
50	41930	0.2	1	39825 2105
51	106669	0.2	1	103122 3547
52	44062	0.2	1	42083 1979
53	73739	0.2	1	71804 1935
54	112389	0.2	1	109645 2744
55	78869	0.2	1	76236 2633
56	75438	0.2	1	73267 2171
57	128379	0.2	1	125391 2988
58	106423	0.2	1	103206 3217
59	39860	0.2	1	38282 1578
60	100105	0.2	1	97993 2112
61	43773	0.2	1	42242 1531
62	55404	0.2	1	53453 1951
63	87109	0.2	1	85147 1962
64	61995	0.2	1	60123 1872
65	27447	0.2	1	26140 1307
66	65570	0.2	1	63805 1765
67	14369	0.2	1	13755 614
68	48466	0.2	1	46614 1852
69	41184	0.2	1	39910 1274
70	88509	0.2	1	86296 2213
71	13494	0.2	1	12947 547
72	24555	0.2	1	23705 850
73	28239	0.2	1	27341 898
74	29147	0.2	1	28258 889
75	31474	0.2	1	30544 930
76	41416	0.2	1	40327 1089
77	72366	0.2	1	70593 1773
78	64702	0.2	1	62515 2187
79	20447	0.2	1	19140 1307
80	4566	0.2	1	4055 511
81	439	0.2	1	383 56
82	501	0.2	1	475 26
83	1174	0.2	1	1148 26
84	2267	0.2	1	2217 50
85	3657	0.2	1	3590 67
86	4803	0.2	1	4695 108
87	5081	0.2	1	4983 98
88	4360	0.2	1	4247 113
89	3114	0.2	1	3049 65
90	2660	0.2	1	2594 66
91	2363	0.2	1	2300 63
92	1968	0.2	1	1917 51
93	1535	0.2	1	1489 46
94	1217	0.2	1	1184 33
95	1044	0.2	1	1005 39
96	929	0.2	1	909 20
97	868	0.2	1	832 36
98	735	0.2	1	703 32
99	610	0.2	1	588 22
100	583	0.2	1	556 27
101	472	0.2	1	451 21
102	355	0.2	1	345 10
103	276	0.2	1	262 14
104	230	0.2	1	219 11
105	188	0.2	1	172 16
106	159	0.2	1	153 6
107	160	0.2	1	151 9
108	154	0.2	1	144 10
109	119	0.2	1	111 8
110	116	0.2	1	102 14
111	120	0.2	1	102 18
112	72	0.2	1	62 10
113	90	0.2	1	78 12
114	81	0.2	1	70 11
115	57	0.2	1	44 13
116	50	0.2	1	40 10
117	50	0.2	1	41 9
118	36	0.2	1	25 11
119	47	0.2	1	34 13
120	49	0.2	1	39 10
121	54	0.2	1	35 19
122	46	0.2	1	29 17
123	43	0.2	1	30 13
124	30	0.2	1	20 10
125	44	0.2	1	25 19
126	34	0.2	1	24 10
127	34	0.2	1	24 10
128	31	0.2	1	22 9
129	19	0.2	1	12 7
130	12	0.2	1	6 6
131	11	0.2	1	6 5
132	4	0.2	1	4
133	11	0.2	1	6 5
134	9	0.2	1	5 4
135	5	0.2	1	2 3
136	7	0.2	1	5 2
137	5	0.2	1	4 1
138	6	0.2	1	4 2
139	7	0.2	1	3 4
140	8	0.2	1	3 5
141	13	0.2	1	11 2
142	5	0.2	1	2 3
143	6	0.2	1	5 1
144	4	0.2	1	3 1
145	11	0.2	1	11
146	19	0.2	1	18 1
147	8	0.2	1	6 2
148	19	0.2	1	17 2
149	8	0.2	1	8
150	2	0.2	1	2


RUN STATISTICS FOR INPUT FILE: ./data_raw/S.2.fastq.gz
=============================================
15824914 sequences processed in total

Total number of sequences analysed for the sequence pair length validation: 15824914

Number of sequence pairs removed because at least one read was shorter than the length cutoff (20 bp): 912940 (5.77%)
