
SUMMARISING RUN PARAMETERS
==========================
Input filename: ./data_raw/T.1.fastq.gz
Trimming mode: paired-end
Trim Galore version: 0.4.2
Cutadapt version: 1.11
Quality Phred score cutoff: 20
Quality encoding type selected: ASCII+33
Adapter sequence: 'AGATCGGAAGAGC' (Illumina TruSeq, Sanger iPCR; auto-detected)
Maximum trimming error rate: 0.1 (default)
Minimum required adapter overlap (stringency): 1 bp
Minimum required sequence length for both reads before a sequence pair gets removed: 20 bp
Length cut-off for read 1: 35 bp (default)
Length cut-off for read 2: 35 bp (default)
Output file will be GZIP compressed


This is cutadapt 1.11 with Python 2.7.12
Command line parameters: -f fastq -e 0.1 -q 20 -O 1 -a AGATCGGAAGAGC ./data_raw/T.1.fastq.gz
Trimming 1 adapter with at most 10.0% errors in single-end mode ...
Finished in 728.82 s (40 us/read; 1.48 M reads/minute).

=== Summary ===

Total reads processed:              18,037,170
Reads with adapters:                11,434,822 (63.4%)
Reads written (passing filters):    18,037,170 (100.0%)

Total basepairs processed: 2,705,575,500 bp
Quality-trimmed:              64,686,087 bp (2.4%)
Total written (filtered):  2,351,066,627 bp (86.9%)

=== Adapter 1 ===

Sequence: AGATCGGAAGAGC; Type: regular 3'; Length: 13; Trimmed: 11434822 times.

No. of allowed errors:
0-9 bp: 0; 10-13 bp: 1

Bases preceding removed adapters:
  A: 16.4%
  C: 33.6%
  G: 31.9%
  T: 17.3%
  none/other: 0.8%

Overview of removed sequences
length	count	expect	max.err	error counts
1	2243101	4509292.5	0	2243101
2	761706	1127323.1	0	761706
3	317272	281830.8	0	317272
4	166474	70457.7	0	166474
5	120529	17614.4	0	120529
6	100638	4403.6	0	100638
7	99995	1100.9	0	99995
8	121593	275.2	0	121593
9	156692	68.8	0	156531 161
10	170432	17.2	1	159913 10519
11	119853	4.3	1	110284 9569
12	120812	1.1	1	111861 8951
13	150637	0.3	1	140795 9842
14	109310	0.3	1	101227 8083
15	155565	0.3	1	145646 9919
16	80493	0.3	1	73573 6920
17	130615	0.3	1	121645 8970
18	114213	0.3	1	107353 6860
19	141191	0.3	1	132255 8936
20	107899	0.3	1	100854 7045
21	142880	0.3	1	133703 9177
22	150043	0.3	1	140228 9815
23	140767	0.3	1	131668 9099
24	137286	0.3	1	127620 9666
25	136477	0.3	1	127872 8605
26	111812	0.3	1	104449 7363
27	143006	0.3	1	133878 9128
28	131946	0.3	1	124153 7793
29	140743	0.3	1	131959 8784
30	130598	0.3	1	122436 8162
31	142176	0.3	1	133326 8850
32	155648	0.3	1	146368 9280
33	120887	0.3	1	112874 8013
34	123123	0.3	1	116018 7105
35	150621	0.3	1	140660 9961
36	139302	0.3	1	130254 9048
37	166661	0.3	1	156360 10301
38	109429	0.3	1	102799 6630
39	178871	0.3	1	167242 11629
40	157545	0.3	1	147685 9860
41	222481	0.3	1	208245 14236
42	315518	0.3	1	295109 20409
43	283293	0.3	1	262592 20701
44	300841	0.3	1	283212 17629
45	41142	0.3	1	38328 2814
46	58336	0.3	1	54855 3481
47	61652	0.3	1	57841 3811
48	83456	0.3	1	78798 4658
49	140908	0.3	1	133323 7585
50	41456	0.3	1	38440 3016
51	135207	0.3	1	127169 8038
52	106058	0.3	1	100075 5983
53	68892	0.3	1	64986 3906
54	78014	0.3	1	73586 4428
55	111595	0.3	1	105563 6032
56	78472	0.3	1	74206 4266
57	21478	0.3	1	20148 1330
58	58985	0.3	1	55705 3280
59	116812	0.3	1	110590 6222
60	20761	0.3	1	19523 1238
61	49620	0.3	1	46929 2691
62	67076	0.3	1	63445 3631
63	16940	0.3	1	15944 996
64	38788	0.3	1	36660 2128
65	59109	0.3	1	55953 3156
66	24839	0.3	1	23438 1401
67	30499	0.3	1	28818 1681
68	34513	0.3	1	32649 1864
69	30889	0.3	1	29149 1740
70	29641	0.3	1	27903 1738
71	31535	0.3	1	28551 2984
72	43834	0.3	1	38056 5778
73	52689	0.3	1	45561 7128
74	59217	0.3	1	48595 10622
75	42642	0.3	1	38610 4032
76	3845	0.3	1	3487 358
77	193	0.3	1	171 22
78	1106	0.3	1	1042 64
79	3444	0.3	1	3245 199
80	5451	0.3	1	5134 317
81	6483	0.3	1	6130 353
82	6793	0.3	1	6421 372
83	7112	0.3	1	6698 414
84	6847	0.3	1	6461 386
85	6456	0.3	1	6109 347
86	6428	0.3	1	6074 354
87	5843	0.3	1	5506 337
88	5373	0.3	1	5074 299
89	4862	0.3	1	4597 265
90	4506	0.3	1	4242 264
91	4029	0.3	1	3819 210
92	3579	0.3	1	3393 186
93	3067	0.3	1	2907 160
94	2849	0.3	1	2670 179
95	2566	0.3	1	2397 169
96	2419	0.3	1	2271 148
97	2325	0.3	1	2172 153
98	2197	0.3	1	2071 126
99	1874	0.3	1	1776 98
100	1759	0.3	1	1654 105
101	1486	0.3	1	1383 103
102	1316	0.3	1	1243 73
103	1076	0.3	1	1007 69
104	909	0.3	1	850 59
105	847	0.3	1	792 55
106	791	0.3	1	720 71
107	692	0.3	1	630 62
108	685	0.3	1	624 61
109	604	0.3	1	572 32
110	567	0.3	1	525 42
111	448	0.3	1	395 53
112	413	0.3	1	369 44
113	362	0.3	1	322 40
114	298	0.3	1	262 36
115	302	0.3	1	266 36
116	256	0.3	1	222 34
117	238	0.3	1	208 30
118	195	0.3	1	158 37
119	208	0.3	1	172 36
120	137	0.3	1	106 31
121	160	0.3	1	137 23
122	138	0.3	1	108 30
123	147	0.3	1	109 38
124	133	0.3	1	98 35
125	140	0.3	1	104 36
126	93	0.3	1	64 29
127	98	0.3	1	72 26
128	70	0.3	1	52 18
129	80	0.3	1	59 21
130	59	0.3	1	39 20
131	71	0.3	1	37 34
132	50	0.3	1	39 11
133	51	0.3	1	37 14
134	51	0.3	1	43 8
135	57	0.3	1	51 6
136	41	0.3	1	30 11
137	44	0.3	1	36 8
138	39	0.3	1	32 7
139	27	0.3	1	22 5
140	55	0.3	1	44 11
141	80	0.3	1	73 7
142	40	0.3	1	29 11
143	38	0.3	1	34 4
144	35	0.3	1	32 3
145	229	0.3	1	163 66
146	207	0.3	1	202 5
147	118	0.3	1	110 8
148	303	0.3	1	299 4
149	77	0.3	1	62 15
150	62826	0.3	1	55 62771


RUN STATISTICS FOR INPUT FILE: ./data_raw/T.1.fastq.gz
=============================================
18037170 sequences processed in total

