
SUMMARISING RUN PARAMETERS
==========================
Input filename: ./data_raw/T.2.fastq.gz
Trimming mode: paired-end
Trim Galore version: 0.4.2
Cutadapt version: 1.11
Quality Phred score cutoff: 20
Quality encoding type selected: ASCII+33
Adapter sequence: 'AGATCGGAAGAGC' (Illumina TruSeq, Sanger iPCR; auto-detected)
Maximum trimming error rate: 0.1 (default)
Minimum required adapter overlap (stringency): 1 bp
Minimum required sequence length for both reads before a sequence pair gets removed: 20 bp
Length cut-off for read 1: 35 bp (default)
Length cut-off for read 2: 35 bp (default)
Output file will be GZIP compressed


This is cutadapt 1.11 with Python 2.7.12
Command line parameters: -f fastq -e 0.1 -q 20 -O 1 -a AGATCGGAAGAGC ./data_raw/T.2.fastq.gz
Trimming 1 adapter with at most 10.0% errors in single-end mode ...
Finished in 717.58 s (40 us/read; 1.51 M reads/minute).

=== Summary ===

Total reads processed:              18,037,170
Reads with adapters:                11,087,743 (61.5%)
Reads written (passing filters):    18,037,170 (100.0%)

Total basepairs processed: 2,705,575,500 bp
Quality-trimmed:             212,592,651 bp (7.9%)
Total written (filtered):  2,233,767,958 bp (82.6%)

=== Adapter 1 ===

Sequence: AGATCGGAAGAGC; Type: regular 3'; Length: 13; Trimmed: 11087743 times.

No. of allowed errors:
0-9 bp: 0; 10-13 bp: 1

Bases preceding removed adapters:
  A: 16.4%
  C: 33.8%
  G: 37.2%
  T: 12.5%
  none/other: 0.2%

Overview of removed sequences
length	count	expect	max.err	error counts
1	2465411	4509292.5	0	2465411
2	712736	1127323.1	0	712736
3	354811	281830.8	0	354811
4	149582	70457.7	0	149582
5	156726	17614.4	0	156726
6	90693	4403.6	0	90693
7	95608	1100.9	0	95608
8	130679	275.2	0	130679
9	167072	68.8	0	166847 225
10	173675	17.2	1	165577 8098
11	89114	4.3	1	80038 9076
12	90369	1.1	1	83295 7074
13	120887	0.3	1	113391 7496
14	120882	0.3	1	114132 6750
15	108011	0.3	1	102551 5460
16	135098	0.3	1	125978 9120
17	153636	0.3	1	144953 8683
18	166392	0.3	1	158107 8285
19	123565	0.3	1	116595 6970
20	167922	0.3	1	161109 6813
21	78031	0.3	1	72151 5880
22	102868	0.3	1	98888 3980
23	105223	0.3	1	100449 4774
24	148531	0.3	1	141728 6803
25	111403	0.3	1	105970 5433
26	148062	0.3	1	140246 7816
27	225524	0.3	1	212418 13106
28	128547	0.3	1	122683 5864
29	136959	0.3	1	125429 11530
30	114569	0.3	1	108952 5617
31	199351	0.3	1	190800 8551
32	107533	0.3	1	101470 6063
33	227684	0.3	1	218929 8755
34	55523	0.3	1	51621 3902
35	123463	0.3	1	118284 5179
36	218016	0.3	1	210359 7657
37	92457	0.3	1	88641 3816
38	121712	0.3	1	118170 3542
39	110765	0.3	1	106726 4039
40	159321	0.3	1	153875 5446
41	89817	0.3	1	86795 3022
42	109953	0.3	1	106927 3026
43	122916	0.3	1	119297 3619
44	75378	0.3	1	72787 2591
45	172333	0.3	1	167729 4604
46	96662	0.3	1	92804 3858
47	143740	0.3	1	140248 3492
48	71774	0.3	1	68064 3710
49	140912	0.3	1	136858 4054
50	48871	0.3	1	46768 2103
51	100549	0.3	1	97400 3149
52	62422	0.3	1	60110 2312
53	81372	0.3	1	79292 2080
54	110834	0.3	1	108270 2564
55	72458	0.3	1	70346 2112
56	74520	0.3	1	72588 1932
57	108992	0.3	1	106392 2600
58	88006	0.3	1	85621 2385
59	44555	0.3	1	43081 1474
60	84044	0.3	1	82375 1669
61	41018	0.3	1	39701 1317
62	45117	0.3	1	43567 1550
63	66981	0.3	1	65544 1437
64	52462	0.3	1	51072 1390
65	23912	0.3	1	22892 1020
66	52316	0.3	1	51095 1221
67	15137	0.3	1	14613 524
68	37710	0.3	1	36482 1228
69	34026	0.3	1	33077 949
70	61895	0.3	1	60581 1314
71	11317	0.3	1	10913 404
72	20014	0.3	1	19379 635
73	21361	0.3	1	20752 609
74	21559	0.3	1	20935 624
75	22650	0.3	1	22039 611
76	30052	0.3	1	29271 781
77	52504	0.3	1	51218 1286
78	43125	0.3	1	41708 1417
79	12555	0.3	1	11740 815
80	2755	0.3	1	2420 335
81	359	0.3	1	307 52
82	414	0.3	1	392 22
83	1077	0.3	1	1056 21
84	1927	0.3	1	1887 40
85	2963	0.3	1	2903 60
86	3679	0.3	1	3614 65
87	3630	0.3	1	3550 80
88	2820	0.3	1	2766 54
89	1905	0.3	1	1866 39
90	1648	0.3	1	1606 42
91	1415	0.3	1	1380 35
92	1146	0.3	1	1120 26
93	900	0.3	1	867 33
94	826	0.3	1	813 13
95	699	0.3	1	673 26
96	582	0.3	1	562 20
97	562	0.3	1	542 20
98	490	0.3	1	470 20
99	423	0.3	1	407 16
100	359	0.3	1	343 16
101	306	0.3	1	298 8
102	248	0.3	1	235 13
103	201	0.3	1	185 16
104	179	0.3	1	167 12
105	160	0.3	1	152 8
106	142	0.3	1	131 11
107	128	0.3	1	115 13
108	117	0.3	1	107 10
109	120	0.3	1	114 6
110	119	0.3	1	102 17
111	81	0.3	1	69 12
112	77	0.3	1	66 11
113	74	0.3	1	64 10
114	56	0.3	1	49 7
115	80	0.3	1	63 17
116	54	0.3	1	39 15
117	74	0.3	1	54 20
118	47	0.3	1	29 18
119	52	0.3	1	35 17
120	55	0.3	1	37 18
121	45	0.3	1	30 15
122	54	0.3	1	35 19
123	56	0.3	1	39 17
124	42	0.3	1	29 13
125	48	0.3	1	25 23
126	41	0.3	1	33 8
127	25	0.3	1	17 8
128	18	0.3	1	12 6
129	23	0.3	1	17 6
130	9	0.3	1	5 4
131	15	0.3	1	8 7
132	15	0.3	1	9 6
133	13	0.3	1	7 6
134	9	0.3	1	4 5
135	11	0.3	1	9 2
136	7	0.3	1	5 2
137	4	0.3	1	2 2
138	4	0.3	1	2 2
139	2	0.3	1	0 2
140	3	0.3	1	2 1
141	9	0.3	1	7 2
142	2	0.3	1	2
143	7	0.3	1	4 3
144	5	0.3	1	4 1
145	25	0.3	1	20 5
146	28	0.3	1	25 3
147	5	0.3	1	4 1
148	22	0.3	1	19 3
149	6	0.3	1	3 3
150	11	0.3	1	10 1


RUN STATISTICS FOR INPUT FILE: ./data_raw/T.2.fastq.gz
=============================================
18037170 sequences processed in total

Total number of sequences analysed for the sequence pair length validation: 18037170

Number of sequence pairs removed because at least one read was shorter than the length cutoff (20 bp): 834954 (4.63%)
