
SUMMARISING RUN PARAMETERS
==========================
Input filename: ./data_raw/U.1.fastq.gz
Trimming mode: paired-end
Trim Galore version: 0.4.2
Cutadapt version: 1.11
Quality Phred score cutoff: 20
Quality encoding type selected: ASCII+33
Adapter sequence: 'AGATCGGAAGAGC' (Illumina TruSeq, Sanger iPCR; auto-detected)
Maximum trimming error rate: 0.1 (default)
Minimum required adapter overlap (stringency): 1 bp
Minimum required sequence length for both reads before a sequence pair gets removed: 20 bp
Length cut-off for read 1: 35 bp (default)
Length cut-off for read 2: 35 bp (default)
Output file will be GZIP compressed


This is cutadapt 1.11 with Python 2.7.12
Command line parameters: -f fastq -e 0.1 -q 20 -O 1 -a AGATCGGAAGAGC ./data_raw/U.1.fastq.gz
Trimming 1 adapter with at most 10.0% errors in single-end mode ...
Finished in 638.43 s (41 us/read; 1.48 M reads/minute).

=== Summary ===

Total reads processed:              15,702,314
Reads with adapters:                10,047,857 (64.0%)
Reads written (passing filters):    15,702,314 (100.0%)

Total basepairs processed: 2,355,347,100 bp
Quality-trimmed:              67,689,191 bp (2.9%)
Total written (filtered):  2,026,885,585 bp (86.1%)

=== Adapter 1 ===

Sequence: AGATCGGAAGAGC; Type: regular 3'; Length: 13; Trimmed: 10047857 times.

No. of allowed errors:
0-9 bp: 0; 10-13 bp: 1

Bases preceding removed adapters:
  A: 16.7%
  C: 36.0%
  G: 28.6%
  T: 18.3%
  none/other: 0.4%

Overview of removed sequences
length	count	expect	max.err	error counts
1	1918962	3925578.5	0	1918962
2	645192	981394.6	0	645192
3	267071	245348.7	0	267071
4	139354	61337.2	0	139354
5	97807	15334.3	0	97807
6	80452	3833.6	0	80452
7	81375	958.4	0	81375
8	98069	239.6	0	98069
9	128620	59.9	0	128461 159
10	148754	15.0	1	131388 17366
11	100961	3.7	1	87737 13224
12	102927	0.9	1	90161 12766
13	131763	0.2	1	116252 15511
14	92531	0.2	1	80735 11796
15	134585	0.2	1	118684 15901
16	68996	0.2	1	59639 9357
17	110589	0.2	1	97237 13352
18	98161	0.2	1	87066 11095
19	120324	0.2	1	106607 13717
20	92955	0.2	1	82120 10835
21	122887	0.2	1	108711 14176
22	131105	0.2	1	115609 15496
23	120800	0.2	1	106635 14165
24	118499	0.2	1	103890 14609
25	116244	0.2	1	102992 13252
26	94452	0.2	1	83286 11166
27	122834	0.2	1	108398 14436
28	114653	0.2	1	101883 12770
29	120602	0.2	1	106574 14028
30	112821	0.2	1	99672 13149
31	123138	0.2	1	109130 14008
32	134945	0.2	1	119657 15288
33	105130	0.2	1	92542 12588
34	106727	0.2	1	95063 11664
35	130255	0.2	1	114929 15326
36	121795	0.2	1	107352 14443
37	144308	0.2	1	127735 16573
38	96261	0.2	1	85259 11002
39	157832	0.2	1	139046 18786
40	146203	0.2	1	129126 17077
41	204210	0.2	1	180115 24095
42	293422	0.2	1	258423 34999
43	262030	0.2	1	229774 32256
44	270455	0.2	1	240147 30308
45	37210	0.2	1	32864 4346
46	51980	0.2	1	46164 5816
47	54187	0.2	1	48118 6069
48	75390	0.2	1	67016 8374
49	127971	0.2	1	114438 13533
50	38427	0.2	1	33819 4608
51	126556	0.2	1	112216 14340
52	101242	0.2	1	89845 11397
53	64367	0.2	1	57160 7207
54	74253	0.2	1	66002 8251
55	109218	0.2	1	96906 12312
56	74957	0.2	1	66676 8281
57	21078	0.2	1	18652 2426
58	56917	0.2	1	50730 6187
59	115089	0.2	1	102705 12384
60	20867	0.2	1	18497 2370
61	49202	0.2	1	43835 5367
62	68698	0.2	1	61236 7462
63	17166	0.2	1	15291 1875
64	40689	0.2	1	36171 4518
65	61930	0.2	1	55171 6759
66	26582	0.2	1	23500 3082
67	31223	0.2	1	27774 3449
68	36441	0.2	1	32453 3988
69	33000	0.2	1	29072 3928
70	31789	0.2	1	28209 3580
71	32613	0.2	1	28818 3795
72	45466	0.2	1	39464 6002
73	53801	0.2	1	46943 6858
74	58400	0.2	1	50449 7951
75	45223	0.2	1	39810 5413
76	4485	0.2	1	3816 669
77	222	0.2	1	180 42
78	1289	0.2	1	1151 138
79	3612	0.2	1	3222 390
80	5977	0.2	1	5308 669
81	7063	0.2	1	6285 778
82	7721	0.2	1	6868 853
83	7885	0.2	1	7000 885
84	7680	0.2	1	6786 894
85	7310	0.2	1	6478 832
86	6908	0.2	1	6099 809
87	6467	0.2	1	5766 701
88	5884	0.2	1	5201 683
89	5306	0.2	1	4680 626
90	4843	0.2	1	4307 536
91	4198	0.2	1	3712 486
92	3816	0.2	1	3403 413
93	3150	0.2	1	2794 356
94	2868	0.2	1	2527 341
95	2567	0.2	1	2278 289
96	2468	0.2	1	2189 279
97	2335	0.2	1	2091 244
98	2227	0.2	1	1967 260
99	1944	0.2	1	1721 223
100	1649	0.2	1	1455 194
101	1545	0.2	1	1368 177
102	1244	0.2	1	1088 156
103	1053	0.2	1	925 128
104	926	0.2	1	827 99
105	865	0.2	1	763 102
106	743	0.2	1	638 105
107	668	0.2	1	572 96
108	631	0.2	1	542 89
109	617	0.2	1	536 81
110	515	0.2	1	448 67
111	465	0.2	1	393 72
112	388	0.2	1	333 55
113	379	0.2	1	314 65
114	292	0.2	1	251 41
115	262	0.2	1	227 35
116	240	0.2	1	203 37
117	218	0.2	1	176 42
118	197	0.2	1	162 35
119	205	0.2	1	169 36
120	166	0.2	1	131 35
121	160	0.2	1	131 29
122	135	0.2	1	105 30
123	146	0.2	1	102 44
124	100	0.2	1	74 26
125	100	0.2	1	76 24
126	79	0.2	1	60 19
127	104	0.2	1	76 28
128	64	0.2	1	43 21
129	76	0.2	1	58 18
130	49	0.2	1	26 23
131	57	0.2	1	40 17
132	35	0.2	1	30 5
133	42	0.2	1	36 6
134	58	0.2	1	50 8
135	57	0.2	1	55 2
136	28	0.2	1	17 11
137	31	0.2	1	27 4
138	29	0.2	1	23 6
139	32	0.2	1	24 8
140	21	0.2	1	16 5
141	62	0.2	1	58 4
142	35	0.2	1	27 8
143	29	0.2	1	26 3
144	17	0.2	1	15 2
145	92	0.2	1	91 1
146	159	0.2	1	157 2
147	77	0.2	1	75 2
148	181	0.2	1	174 7
149	62	0.2	1	51 11
150	11259	0.2	1	42 11217


RUN STATISTICS FOR INPUT FILE: ./data_raw/U.1.fastq.gz
=============================================
15702314 sequences processed in total

