
SUMMARISING RUN PARAMETERS
==========================
Input filename: ./data_raw/U.2.fastq.gz
Trimming mode: paired-end
Trim Galore version: 0.4.2
Cutadapt version: 1.11
Quality Phred score cutoff: 20
Quality encoding type selected: ASCII+33
Adapter sequence: 'AGATCGGAAGAGC' (Illumina TruSeq, Sanger iPCR; auto-detected)
Maximum trimming error rate: 0.1 (default)
Minimum required adapter overlap (stringency): 1 bp
Minimum required sequence length for both reads before a sequence pair gets removed: 20 bp
Length cut-off for read 1: 35 bp (default)
Length cut-off for read 2: 35 bp (default)
Output file will be GZIP compressed


This is cutadapt 1.11 with Python 2.7.12
Command line parameters: -f fastq -e 0.1 -q 20 -O 1 -a AGATCGGAAGAGC ./data_raw/U.2.fastq.gz
Trimming 1 adapter with at most 10.0% errors in single-end mode ...
Finished in 613.25 s (39 us/read; 1.54 M reads/minute).

=== Summary ===

Total reads processed:              15,702,314
Reads with adapters:                 9,282,994 (59.1%)
Reads written (passing filters):    15,702,314 (100.0%)

Total basepairs processed: 2,355,347,100 bp
Quality-trimmed:             289,801,282 bp (12.3%)
Total written (filtered):  1,839,083,826 bp (78.1%)

=== Adapter 1 ===

Sequence: AGATCGGAAGAGC; Type: regular 3'; Length: 13; Trimmed: 9282994 times.

No. of allowed errors:
0-9 bp: 0; 10-13 bp: 1

Bases preceding removed adapters:
  A: 15.7%
  C: 38.3%
  G: 32.5%
  T: 13.2%
  none/other: 0.3%

Overview of removed sequences
length	count	expect	max.err	error counts
1	1988730	3925578.5	0	1988730
2	593370	981394.6	0	593370
3	265202	245348.7	0	265202
4	118083	61337.2	0	118083
5	123917	15334.3	0	123917
6	72045	3833.6	0	72045
7	78258	958.4	0	78258
8	105398	239.6	0	105398
9	134268	59.9	0	134059 209
10	145436	15.0	1	136535 8901
11	69336	3.7	1	61010 8326
12	76847	0.9	1	69667 7180
13	95744	0.2	1	88227 7517
14	100972	0.2	1	93354 7618
15	89685	0.2	1	83830 5855
16	109008	0.2	1	100076 8932
17	127106	0.2	1	118048 9058
18	136797	0.2	1	127838 8959
19	113026	0.2	1	105052 7974
20	131478	0.2	1	123668 7810
21	59513	0.2	1	54050 5463
22	84144	0.2	1	79628 4516
23	83909	0.2	1	78922 4987
24	128442	0.2	1	119989 8453
25	90060	0.2	1	83858 6202
26	120987	0.2	1	112526 8461
27	190398	0.2	1	176365 14033
28	120547	0.2	1	113442 7105
29	108720	0.2	1	97599 11121
30	116655	0.2	1	109704 6951
31	143093	0.2	1	134897 8196
32	104822	0.2	1	98492 6330
33	118199	0.2	1	110926 7273
34	190371	0.2	1	181141 9230
35	94754	0.2	1	89034 5720
36	147877	0.2	1	140189 7688
37	94632	0.2	1	89785 4847
38	71610	0.2	1	67048 4562
39	89426	0.2	1	84944 4482
40	58683	0.2	1	54045 4638
41	132325	0.2	1	126503 5822
42	65891	0.2	1	62613 3278
43	118543	0.2	1	113201 5342
44	62173	0.2	1	59111 3062
45	157219	0.2	1	150473 6746
46	79705	0.2	1	75086 4619
47	116372	0.2	1	112055 4317
48	59034	0.2	1	54594 4440
49	124014	0.2	1	118487 5527
50	38486	0.2	1	35971 2515
51	92047	0.2	1	87697 4350
52	49776	0.2	1	46848 2928
53	74156	0.2	1	71188 2968
54	100218	0.2	1	96482 3736
55	63747	0.2	1	60591 3156
56	69211	0.2	1	66385 2826
57	109909	0.2	1	106016 3893
58	80899	0.2	1	77282 3617
59	39441	0.2	1	37306 2135
60	86915	0.2	1	84117 2798
61	36568	0.2	1	34642 1926
62	38516	0.2	1	36369 2147
63	70188	0.2	1	67755 2433
64	50117	0.2	1	47875 2242
65	21736	0.2	1	20356 1380
66	50296	0.2	1	48268 2028
67	14890	0.2	1	14077 813
68	33883	0.2	1	32062 1821
69	34046	0.2	1	32441 1605
70	62399	0.2	1	60097 2302
71	11404	0.2	1	10790 614
72	19741	0.2	1	18783 958
73	21033	0.2	1	20107 926
74	21443	0.2	1	20473 970
75	23367	0.2	1	22342 1025
76	30576	0.2	1	29370 1206
77	50133	0.2	1	48266 1867
78	39645	0.2	1	37301 2344
79	11147	0.2	1	10061 1086
80	2414	0.2	1	2045 369
81	334	0.2	1	283 51
82	429	0.2	1	396 33
83	1001	0.2	1	952 49
84	1913	0.2	1	1849 64
85	2919	0.2	1	2816 103
86	3577	0.2	1	3455 122
87	3345	0.2	1	3231 114
88	2654	0.2	1	2554 100
89	1741	0.2	1	1684 57
90	1459	0.2	1	1388 71
91	1137	0.2	1	1088 49
92	1019	0.2	1	976 43
93	777	0.2	1	746 31
94	630	0.2	1	601 29
95	574	0.2	1	538 36
96	517	0.2	1	490 27
97	437	0.2	1	419 18
98	414	0.2	1	389 25
99	355	0.2	1	337 18
100	284	0.2	1	271 13
101	275	0.2	1	255 20
102	187	0.2	1	171 16
103	148	0.2	1	141 7
104	132	0.2	1	121 11
105	140	0.2	1	129 11
106	121	0.2	1	108 13
107	115	0.2	1	97 18
108	91	0.2	1	87 4
109	98	0.2	1	86 12
110	75	0.2	1	60 15
111	84	0.2	1	74 10
112	59	0.2	1	54 5
113	52	0.2	1	44 8
114	43	0.2	1	34 9
115	49	0.2	1	38 11
116	43	0.2	1	33 10
117	39	0.2	1	24 15
118	38	0.2	1	32 6
119	50	0.2	1	34 16
120	58	0.2	1	40 18
121	45	0.2	1	31 14
122	38	0.2	1	24 14
123	46	0.2	1	26 20
124	22	0.2	1	14 8
125	32	0.2	1	20 12
126	25	0.2	1	16 9
127	35	0.2	1	23 12
128	13	0.2	1	10 3
129	17	0.2	1	16 1
130	12	0.2	1	6 6
131	11	0.2	1	8 3
132	13	0.2	1	10 3
133	5	0.2	1	2 3
134	7	0.2	1	5 2
135	9	0.2	1	9
136	7	0.2	1	5 2
137	4	0.2	1	3 1
138	5	0.2	1	3 2
139	3	0.2	1	2 1
140	4	0.2	1	1 3
141	4	0.2	1	4
143	4	0.2	1	3 1
144	2	0.2	1	0 2
145	7	0.2	1	5 2
146	16	0.2	1	13 3
147	9	0.2	1	7 2
148	8	0.2	1	8
149	2	0.2	1	1 1
150	5	0.2	1	5


RUN STATISTICS FOR INPUT FILE: ./data_raw/U.2.fastq.gz
=============================================
15702314 sequences processed in total

Total number of sequences analysed for the sequence pair length validation: 15702314

Number of sequence pairs removed because at least one read was shorter than the length cutoff (20 bp): 1353293 (8.62%)
