
SUMMARISING RUN PARAMETERS
==========================
Input filename: ./data_raw/V.1.fastq.gz
Trimming mode: paired-end
Trim Galore version: 0.4.2
Cutadapt version: 1.11
Quality Phred score cutoff: 20
Quality encoding type selected: ASCII+33
Adapter sequence: 'AGATCGGAAGAGC' (Illumina TruSeq, Sanger iPCR; auto-detected)
Maximum trimming error rate: 0.1 (default)
Minimum required adapter overlap (stringency): 1 bp
Minimum required sequence length for both reads before a sequence pair gets removed: 20 bp
Length cut-off for read 1: 35 bp (default)
Length cut-off for read 2: 35 bp (default)
Output file will be GZIP compressed


This is cutadapt 1.11 with Python 2.7.12
Command line parameters: -f fastq -e 0.1 -q 20 -O 1 -a AGATCGGAAGAGC ./data_raw/V.1.fastq.gz
Trimming 1 adapter with at most 10.0% errors in single-end mode ...
Finished in 1002.93 s (41 us/read; 1.48 M reads/minute).

=== Summary ===

Total reads processed:              24,749,848
Reads with adapters:                15,267,214 (61.7%)
Reads written (passing filters):    24,749,848 (100.0%)

Total basepairs processed: 3,712,477,200 bp
Quality-trimmed:              98,785,116 bp (2.7%)
Total written (filtered):  3,227,157,577 bp (86.9%)

=== Adapter 1 ===

Sequence: AGATCGGAAGAGC; Type: regular 3'; Length: 13; Trimmed: 15267214 times.

No. of allowed errors:
0-9 bp: 0; 10-13 bp: 1

Bases preceding removed adapters:
  A: 17.0%
  C: 35.6%
  G: 28.8%
  T: 18.2%
  none/other: 0.4%

Overview of removed sequences
length	count	expect	max.err	error counts
1	3191282	6187462.0	0	3191282
2	1064861	1546865.5	0	1064861
3	430254	386716.4	0	430254
4	211404	96679.1	0	211404
5	145787	24169.8	0	145787
6	119789	6042.4	0	119789
7	118515	1510.6	0	118515
8	144065	377.7	0	144065
9	188640	94.4	0	188360 280
10	212030	23.6	1	189949 22081
11	150052	5.9	1	131935 18117
12	149468	1.5	1	132190 17278
13	186779	0.4	1	166771 20008
14	135602	0.4	1	119576 16026
15	192778	0.4	1	172229 20549
16	100190	0.4	1	87296 12894
17	161126	0.4	1	143249 17877
18	141012	0.4	1	126166 14846
19	175320	0.4	1	156997 18323
20	132918	0.4	1	118618 14300
21	177594	0.4	1	158970 18624
22	187110	0.4	1	166694 20416
23	175375	0.4	1	156813 18562
24	172753	0.4	1	152672 20081
25	166416	0.4	1	148836 17580
26	139269	0.4	1	124187 15082
27	177840	0.4	1	158477 19363
28	163823	0.4	1	147049 16774
29	175228	0.4	1	155970 19258
30	163322	0.4	1	145676 17646
31	178164	0.4	1	159095 19069
32	193797	0.4	1	173651 20146
33	152510	0.4	1	135484 17026
34	154316	0.4	1	138443 15873
35	190031	0.4	1	168669 21362
36	177510	0.4	1	157603 19907
37	210330	0.4	1	187346 22984
38	139303	0.4	1	124101 15202
39	230781	0.4	1	204928 25853
40	206893	0.4	1	183785 23108
41	294222	0.4	1	261251 32971
42	424009	0.4	1	375570 48439
43	385007	0.4	1	338798 46209
44	406094	0.4	1	362129 43965
45	55520	0.4	1	48981 6539
46	78416	0.4	1	69894 8522
47	81732	0.4	1	72896 8836
48	111806	0.4	1	99723 12083
49	190115	0.4	1	170667 19448
50	57242	0.4	1	50456 6786
51	188683	0.4	1	167967 20716
52	147170	0.4	1	131370 15800
53	94263	0.4	1	84077 10186
54	109508	0.4	1	97788 11720
55	158881	0.4	1	141812 17069
56	111607	0.4	1	99755 11852
57	30814	0.4	1	27349 3465
58	84511	0.4	1	75637 8874
59	170304	0.4	1	152421 17883
60	30575	0.4	1	27099 3476
61	73360	0.4	1	65545 7815
62	100754	0.4	1	89854 10900
63	25633	0.4	1	22823 2810
64	59246	0.4	1	52789 6457
65	91793	0.4	1	81961 9832
66	38531	0.4	1	34267 4264
67	47291	0.4	1	42244 5047
68	54684	0.4	1	48769 5915
69	48651	0.4	1	43179 5472
70	47856	0.4	1	42479 5377
71	49328	0.4	1	43484 5844
72	67738	0.4	1	58582 9156
73	81683	0.4	1	71094 10589
74	90471	0.4	1	77347 13124
75	69821	0.4	1	61136 8685
76	6835	0.4	1	5828 1007
77	313	0.4	1	280 33
78	1825	0.4	1	1625 200
79	5525	0.4	1	4887 638
80	9268	0.4	1	8261 1007
81	11321	0.4	1	10025 1296
82	12084	0.4	1	10788 1296
83	12328	0.4	1	10920 1408
84	12132	0.4	1	10734 1398
85	11474	0.4	1	10227 1247
86	11186	0.4	1	10015 1171
87	10224	0.4	1	9033 1191
88	9692	0.4	1	8611 1081
89	8920	0.4	1	7938 982
90	8073	0.4	1	7216 857
91	7127	0.4	1	6309 818
92	6329	0.4	1	5669 660
93	5392	0.4	1	4758 634
94	4909	0.4	1	4312 597
95	4396	0.4	1	3895 501
96	4257	0.4	1	3796 461
97	3876	0.4	1	3438 438
98	3759	0.4	1	3279 480
99	3381	0.4	1	3016 365
100	2890	0.4	1	2561 329
101	2518	0.4	1	2228 290
102	2210	0.4	1	1917 293
103	1772	0.4	1	1572 200
104	1577	0.4	1	1377 200
105	1431	0.4	1	1249 182
106	1191	0.4	1	1051 140
107	1178	0.4	1	985 193
108	1120	0.4	1	941 179
109	1058	0.4	1	926 132
110	916	0.4	1	792 124
111	733	0.4	1	629 104
112	661	0.4	1	562 99
113	627	0.4	1	540 87
114	480	0.4	1	400 80
115	443	0.4	1	382 61
116	416	0.4	1	366 50
117	405	0.4	1	348 57
118	295	0.4	1	243 52
119	321	0.4	1	262 59
120	238	0.4	1	186 52
121	297	0.4	1	236 61
122	232	0.4	1	180 52
123	243	0.4	1	186 57
124	166	0.4	1	122 44
125	215	0.4	1	151 64
126	158	0.4	1	106 52
127	181	0.4	1	132 49
128	137	0.4	1	99 38
129	142	0.4	1	104 38
130	110	0.4	1	72 38
131	107	0.4	1	61 46
132	71	0.4	1	52 19
133	71	0.4	1	57 14
134	76	0.4	1	66 10
135	77	0.4	1	72 5
136	60	0.4	1	53 7
137	56	0.4	1	50 6
138	49	0.4	1	47 2
139	54	0.4	1	43 11
140	47	0.4	1	35 12
141	107	0.4	1	99 8
142	67	0.4	1	51 16
143	70	0.4	1	63 7
144	40	0.4	1	35 5
145	149	0.4	1	145 4
146	312	0.4	1	301 11
147	154	0.4	1	145 9
148	385	0.4	1	378 7
149	132	0.4	1	98 34
150	24587	0.4	1	81 24506


RUN STATISTICS FOR INPUT FILE: ./data_raw/V.1.fastq.gz
=============================================
24749848 sequences processed in total

