
SUMMARISING RUN PARAMETERS
==========================
Input filename: ./data_raw/V.2.fastq.gz
Trimming mode: paired-end
Trim Galore version: 0.4.2
Cutadapt version: 1.11
Quality Phred score cutoff: 20
Quality encoding type selected: ASCII+33
Adapter sequence: 'AGATCGGAAGAGC' (Illumina TruSeq, Sanger iPCR; auto-detected)
Maximum trimming error rate: 0.1 (default)
Minimum required adapter overlap (stringency): 1 bp
Minimum required sequence length for both reads before a sequence pair gets removed: 20 bp
Length cut-off for read 1: 35 bp (default)
Length cut-off for read 2: 35 bp (default)
Output file will be GZIP compressed


This is cutadapt 1.11 with Python 2.7.12
Command line parameters: -f fastq -e 0.1 -q 20 -O 1 -a AGATCGGAAGAGC ./data_raw/V.2.fastq.gz
Trimming 1 adapter with at most 10.0% errors in single-end mode ...
Finished in 1296.33 s (52 us/read; 1.15 M reads/minute).

=== Summary ===

Total reads processed:              24,749,848
Reads with adapters:                14,375,640 (58.1%)
Reads written (passing filters):    24,749,848 (100.0%)

Total basepairs processed: 3,712,477,200 bp
Quality-trimmed:             417,798,617 bp (11.3%)
Total written (filtered):  2,955,979,300 bp (79.6%)

=== Adapter 1 ===

Sequence: AGATCGGAAGAGC; Type: regular 3'; Length: 13; Trimmed: 14375640 times.

No. of allowed errors:
0-9 bp: 0; 10-13 bp: 1

Bases preceding removed adapters:
  A: 16.7%
  C: 36.6%
  G: 33.4%
  T: 13.0%
  none/other: 0.3%

Overview of removed sequences
length	count	expect	max.err	error counts
1	3441420	6187462.0	0	3441420
2	980446	1546865.5	0	980446
3	460101	386716.4	0	460101
4	188867	96679.1	0	188867
5	187545	24169.8	0	187545
6	107979	6042.4	0	107979
7	112590	1510.6	0	112590
8	152235	377.7	0	152235
9	199639	94.4	0	199328 311
10	206930	23.6	1	195046 11884
11	109617	5.9	1	96912 12705
12	109037	1.5	1	98885 10152
13	146578	0.4	1	135738 10840
14	146505	0.4	1	136608 9897
15	126122	0.4	1	118353 7769
16	163782	0.4	1	151002 12780
17	185208	0.4	1	172910 12298
18	200517	0.4	1	188651 11866
19	165472	0.4	1	154946 10526
20	187920	0.4	1	177882 10038
21	90524	0.4	1	82770 7754
22	116808	0.4	1	111276 5532
23	125948	0.4	1	119003 6945
24	182585	0.4	1	172136 10449
25	130907	0.4	1	122986 7921
26	179471	0.4	1	168062 11409
27	268327	0.4	1	250184 18143
28	148348	0.4	1	140243 8105
29	176708	0.4	1	160035 16673
30	160386	0.4	1	151700 8686
31	207311	0.4	1	196678 10633
32	132517	0.4	1	125268 7249
33	191528	0.4	1	182508 9020
34	131020	0.4	1	123655 7365
35	210192	0.4	1	200846 9346
36	87308	0.4	1	82747 4561
37	142732	0.4	1	133483 9249
38	128871	0.4	1	123249 5622
39	181120	0.4	1	173553 7567
40	181830	0.4	1	170141 11689
41	133603	0.4	1	126126 7477
42	173653	0.4	1	167164 6489
43	162604	0.4	1	155666 6938
44	104744	0.4	1	100135 4609
45	220510	0.4	1	211723 8787
46	131453	0.4	1	124009 7444
47	186842	0.4	1	180551 6291
48	99765	0.4	1	92745 7020
49	182334	0.4	1	174790 7544
50	64490	0.4	1	60562 3928
51	130665	0.4	1	124849 5816
52	77877	0.4	1	73717 4160
53	103560	0.4	1	99803 3757
54	148080	0.4	1	143303 4777
55	94904	0.4	1	90909 3995
56	99876	0.4	1	96129 3747
57	156282	0.4	1	151302 4980
58	122372	0.4	1	117702 4670
59	59679	0.4	1	56628 3051
60	120455	0.4	1	117033 3422
61	57418	0.4	1	54764 2654
62	63767	0.4	1	60618 3149
63	100363	0.4	1	97153 3210
64	74129	0.4	1	71193 2936
65	35526	0.4	1	33506 2020
66	74700	0.4	1	71941 2759
67	22344	0.4	1	21164 1180
68	55402	0.4	1	52769 2633
69	49678	0.4	1	47697 1981
70	91741	0.4	1	88654 3087
71	17202	0.4	1	16335 867
72	30283	0.4	1	28983 1300
73	32933	0.4	1	31533 1400
74	33766	0.4	1	32449 1317
75	36520	0.4	1	35093 1427
76	47714	0.4	1	46095 1619
77	82616	0.4	1	79797 2819
78	67305	0.4	1	63806 3499
79	19731	0.4	1	17876 1855
80	4499	0.4	1	3803 696
81	544	0.4	1	473 71
82	642	0.4	1	580 62
83	1623	0.4	1	1570 53
84	2851	0.4	1	2756 95
85	4464	0.4	1	4315 149
86	5724	0.4	1	5563 161
87	5752	0.4	1	5586 166
88	4689	0.4	1	4540 149
89	3536	0.4	1	3414 122
90	2976	0.4	1	2881 95
91	2535	0.4	1	2445 90
92	2117	0.4	1	2030 87
93	1654	0.4	1	1573 81
94	1481	0.4	1	1430 51
95	1254	0.4	1	1186 68
96	1166	0.4	1	1114 52
97	1003	0.4	1	961 42
98	901	0.4	1	852 49
99	779	0.4	1	741 38
100	651	0.4	1	617 34
101	572	0.4	1	542 30
102	507	0.4	1	472 35
103	350	0.4	1	329 21
104	322	0.4	1	300 22
105	260	0.4	1	241 19
106	215	0.4	1	199 16
107	222	0.4	1	204 18
108	211	0.4	1	198 13
109	193	0.4	1	171 22
110	174	0.4	1	159 15
111	155	0.4	1	139 16
112	143	0.4	1	129 14
113	121	0.4	1	100 21
114	102	0.4	1	86 16
115	91	0.4	1	77 14
116	98	0.4	1	80 18
117	102	0.4	1	76 26
118	77	0.4	1	62 15
119	82	0.4	1	54 28
120	77	0.4	1	56 21
121	80	0.4	1	59 21
122	83	0.4	1	58 25
123	74	0.4	1	48 26
124	59	0.4	1	36 23
125	72	0.4	1	40 32
126	53	0.4	1	28 25
127	57	0.4	1	32 25
128	43	0.4	1	25 18
129	37	0.4	1	30 7
130	32	0.4	1	18 14
131	24	0.4	1	18 6
132	14	0.4	1	9 5
133	14	0.4	1	8 6
134	18	0.4	1	10 8
135	11	0.4	1	8 3
136	10	0.4	1	5 5
137	12	0.4	1	9 3
138	8	0.4	1	5 3
139	6	0.4	1	4 2
140	5	0.4	1	4 1
141	18	0.4	1	14 4
142	10	0.4	1	9 1
143	11	0.4	1	8 3
144	3	0.4	1	2 1
145	15	0.4	1	10 5
146	48	0.4	1	40 8
147	15	0.4	1	9 6
148	38	0.4	1	37 1
149	14	0.4	1	9 5
150	4	0.4	1	4


RUN STATISTICS FOR INPUT FILE: ./data_raw/V.2.fastq.gz
=============================================
24749848 sequences processed in total

Total number of sequences analysed for the sequence pair length validation: 24749848

Number of sequence pairs removed because at least one read was shorter than the length cutoff (20 bp): 1904811 (7.70%)
