
SUMMARISING RUN PARAMETERS
==========================
Input filename: ./data_raw/W.1.fastq.gz
Trimming mode: paired-end
Trim Galore version: 0.4.2
Cutadapt version: 1.11
Quality Phred score cutoff: 20
Quality encoding type selected: ASCII+33
Adapter sequence: 'AGATCGGAAGAGC' (Illumina TruSeq, Sanger iPCR; auto-detected)
Maximum trimming error rate: 0.1 (default)
Minimum required adapter overlap (stringency): 1 bp
Minimum required sequence length for both reads before a sequence pair gets removed: 20 bp
Length cut-off for read 1: 35 bp (default)
Length cut-off for read 2: 35 bp (default)
Output file will be GZIP compressed


This is cutadapt 1.11 with Python 2.7.12
Command line parameters: -f fastq -e 0.1 -q 20 -O 1 -a AGATCGGAAGAGC ./data_raw/W.1.fastq.gz
Trimming 1 adapter with at most 10.0% errors in single-end mode ...
Finished in 681.80 s (42 us/read; 1.44 M reads/minute).

=== Summary ===

Total reads processed:              16,366,840
Reads with adapters:                10,654,905 (65.1%)
Reads written (passing filters):    16,366,840 (100.0%)

Total basepairs processed: 2,455,026,000 bp
Quality-trimmed:              66,400,399 bp (2.7%)
Total written (filtered):  2,095,470,066 bp (85.4%)

=== Adapter 1 ===

Sequence: AGATCGGAAGAGC; Type: regular 3'; Length: 13; Trimmed: 10654905 times.

No. of allowed errors:
0-9 bp: 0; 10-13 bp: 1

Bases preceding removed adapters:
  A: 16.1%
  C: 34.2%
  G: 31.1%
  T: 18.1%
  none/other: 0.4%

Overview of removed sequences
length	count	expect	max.err	error counts
1	1945347	4091710.0	0	1945347
2	659004	1022927.5	0	659004
3	277141	255731.9	0	277141
4	141222	63933.0	0	141222
5	99130	15983.2	0	99130
6	83904	3995.8	0	83904
7	83751	999.0	0	83751
8	100097	249.7	0	100097
9	130099	62.4	0	129941 158
10	144648	15.6	1	132792 11856
11	100755	3.9	1	90656 10099
12	103791	1.0	1	94048 9743
13	128894	0.2	1	117749 11145
14	93254	0.2	1	84330 8924
15	133334	0.2	1	122053 11281
16	68947	0.2	1	61750 7197
17	111352	0.2	1	101355 9997
18	98495	0.2	1	90531 7964
19	120512	0.2	1	110358 10154
20	91931	0.2	1	84264 7667
21	122673	0.2	1	112310 10363
22	129259	0.2	1	118068 11191
23	121209	0.2	1	110866 10343
24	118759	0.2	1	107779 10980
25	116999	0.2	1	107014 9985
26	97036	0.2	1	88559 8477
27	124901	0.2	1	114211 10690
28	115695	0.2	1	106510 9185
29	122182	0.2	1	111682 10500
30	115355	0.2	1	105532 9823
31	125143	0.2	1	114589 10554
32	136143	0.2	1	125132 11011
33	107840	0.2	1	98269 9571
34	108754	0.2	1	100133 8621
35	133833	0.2	1	122144 11689
36	125292	0.2	1	114097 11195
37	151208	0.2	1	138533 12675
38	99857	0.2	1	91511 8346
39	164650	0.2	1	150097 14553
40	153643	0.2	1	140501 13142
41	217531	0.2	1	198293 19238
42	316517	0.2	1	288441 28076
43	284561	0.2	1	257745 26816
44	307405	0.2	1	281438 25967
45	41227	0.2	1	37524 3703
46	58082	0.2	1	53061 5021
47	60114	0.2	1	55087 5027
48	83803	0.2	1	77039 6764
49	145364	0.2	1	134096 11268
50	42415	0.2	1	38432 3983
51	143679	0.2	1	131512 12167
52	113066	0.2	1	103911 9155
53	72998	0.2	1	66926 6072
54	85609	0.2	1	78645 6964
55	127117	0.2	1	116936 10181
56	89752	0.2	1	82532 7220
57	23913	0.2	1	21809 2104
58	68295	0.2	1	62821 5474
59	141234	0.2	1	129685 11549
60	24354	0.2	1	22237 2117
61	61485	0.2	1	56639 4846
62	86117	0.2	1	79232 6885
63	20747	0.2	1	19004 1743
64	50853	0.2	1	46635 4218
65	78129	0.2	1	71830 6299
66	33138	0.2	1	30337 2801
67	40809	0.2	1	37420 3389
68	47499	0.2	1	43737 3762
69	43385	0.2	1	39647 3738
70	42486	0.2	1	38750 3736
71	43955	0.2	1	39760 4195
72	59947	0.2	1	53827 6120
73	72243	0.2	1	65044 7199
74	78831	0.2	1	70147 8684
75	60900	0.2	1	54934 5966
76	5456	0.2	1	4753 703
77	314	0.2	1	272 42
78	1620	0.2	1	1471 149
79	5247	0.2	1	4814 433
80	8473	0.2	1	7739 734
81	10053	0.2	1	9186 867
82	10820	0.2	1	9905 915
83	10947	0.2	1	10002 945
84	10592	0.2	1	9630 962
85	9926	0.2	1	9085 841
86	9625	0.2	1	8802 823
87	8882	0.2	1	8100 782
88	7843	0.2	1	7176 667
89	7017	0.2	1	6400 617
90	6255	0.2	1	5695 560
91	5729	0.2	1	5178 551
92	4933	0.2	1	4454 479
93	4415	0.2	1	3972 443
94	3760	0.2	1	3431 329
95	3426	0.2	1	3100 326
96	3188	0.2	1	2893 295
97	3066	0.2	1	2794 272
98	2732	0.2	1	2502 230
99	2468	0.2	1	2224 244
100	2130	0.2	1	1929 201
101	1818	0.2	1	1651 167
102	1490	0.2	1	1350 140
103	1249	0.2	1	1119 130
104	1115	0.2	1	1013 102
105	937	0.2	1	847 90
106	873	0.2	1	794 79
107	874	0.2	1	747 127
108	712	0.2	1	616 96
109	630	0.2	1	557 73
110	588	0.2	1	530 58
111	486	0.2	1	422 64
112	441	0.2	1	382 59
113	365	0.2	1	316 49
114	327	0.2	1	277 50
115	341	0.2	1	295 46
116	246	0.2	1	210 36
117	249	0.2	1	201 48
118	213	0.2	1	173 40
119	189	0.2	1	145 44
120	199	0.2	1	166 33
121	200	0.2	1	154 46
122	161	0.2	1	122 39
123	171	0.2	1	130 41
124	145	0.2	1	109 36
125	181	0.2	1	133 48
126	124	0.2	1	80 44
127	125	0.2	1	81 44
128	96	0.2	1	68 28
129	92	0.2	1	62 30
130	74	0.2	1	54 20
131	92	0.2	1	62 30
132	54	0.2	1	43 11
133	64	0.2	1	54 10
134	70	0.2	1	62 8
135	59	0.2	1	54 5
136	43	0.2	1	39 4
137	66	0.2	1	57 9
138	35	0.2	1	28 7
139	47	0.2	1	43 4
140	72	0.2	1	63 9
141	87	0.2	1	82 5
142	44	0.2	1	34 10
143	42	0.2	1	37 5
144	27	0.2	1	25 2
145	109	0.2	1	102 7
146	190	0.2	1	186 4
147	106	0.2	1	102 4
148	285	0.2	1	281 4
149	78	0.2	1	57 21
150	16108	0.2	1	39 16069


RUN STATISTICS FOR INPUT FILE: ./data_raw/W.1.fastq.gz
=============================================
16366840 sequences processed in total

