
SUMMARISING RUN PARAMETERS
==========================
Input filename: ./data_raw/W.2.fastq.gz
Trimming mode: paired-end
Trim Galore version: 0.4.2
Cutadapt version: 1.11
Quality Phred score cutoff: 20
Quality encoding type selected: ASCII+33
Adapter sequence: 'AGATCGGAAGAGC' (Illumina TruSeq, Sanger iPCR; auto-detected)
Maximum trimming error rate: 0.1 (default)
Minimum required adapter overlap (stringency): 1 bp
Minimum required sequence length for both reads before a sequence pair gets removed: 20 bp
Length cut-off for read 1: 35 bp (default)
Length cut-off for read 2: 35 bp (default)
Output file will be GZIP compressed


This is cutadapt 1.11 with Python 2.7.12
Command line parameters: -f fastq -e 0.1 -q 20 -O 1 -a AGATCGGAAGAGC ./data_raw/W.2.fastq.gz
Trimming 1 adapter with at most 10.0% errors in single-end mode ...
Finished in 664.33 s (41 us/read; 1.48 M reads/minute).

=== Summary ===

Total reads processed:              16,366,840
Reads with adapters:                10,171,841 (62.1%)
Reads written (passing filters):    16,366,840 (100.0%)

Total basepairs processed: 2,455,026,000 bp
Quality-trimmed:             240,853,627 bp (9.8%)
Total written (filtered):  1,949,222,817 bp (79.4%)

=== Adapter 1 ===

Sequence: AGATCGGAAGAGC; Type: regular 3'; Length: 13; Trimmed: 10171841 times.

No. of allowed errors:
0-9 bp: 0; 10-13 bp: 1

Bases preceding removed adapters:
  A: 16.2%
  C: 34.8%
  G: 36.1%
  T: 12.6%
  none/other: 0.3%

Overview of removed sequences
length	count	expect	max.err	error counts
1	2157004	4091710.0	0	2157004
2	588565	1022927.5	0	588565
3	307882	255731.9	0	307882
4	129017	63933.0	0	129017
5	132552	15983.2	0	132552
6	76733	3995.8	0	76733
7	80404	999.0	0	80404
8	102084	249.7	0	102084
9	136906	62.4	0	136712 194
10	131683	15.6	1	125232 6451
11	82114	3.9	1	74007 8107
12	73326	1.0	1	67117 6209
13	103974	0.2	1	97530 6444
14	97658	0.2	1	92213 5445
15	88920	0.2	1	84267 4653
16	117572	0.2	1	109613 7959
17	126027	0.2	1	118944 7083
18	146071	0.2	1	138641 7430
19	108165	0.2	1	102072 6093
20	146928	0.2	1	140300 6628
21	65453	0.2	1	60798 4655
22	73174	0.2	1	70366 2808
23	87056	0.2	1	83381 3675
24	119216	0.2	1	113668 5548
25	110771	0.2	1	105629 5142
26	117932	0.2	1	111894 6038
27	181519	0.2	1	171713 9806
28	74367	0.2	1	70621 3746
29	146246	0.2	1	135674 10572
30	100581	0.2	1	96275 4306
31	153015	0.2	1	146968 6047
32	73548	0.2	1	69895 3653
33	109775	0.2	1	105030 4745
34	210870	0.2	1	202985 7885
35	54137	0.2	1	50841 3296
36	141247	0.2	1	134797 6450
37	52641	0.2	1	50318 2323
38	127564	0.2	1	119885 7679
39	126683	0.2	1	120855 5828
40	239814	0.2	1	231616 8198
41	68363	0.2	1	63886 4477
42	54375	0.2	1	51835 2540
43	150482	0.2	1	145822 4660
44	47221	0.2	1	44959 2262
45	188568	0.2	1	182899 5669
46	110671	0.2	1	105888 4783
47	89231	0.2	1	86406 2825
48	98598	0.2	1	93229 5369
49	165596	0.2	1	159887 5709
50	41978	0.2	1	39633 2345
51	122914	0.2	1	118626 4288
52	52853	0.2	1	50490 2363
53	88863	0.2	1	86445 2418
54	102460	0.2	1	99943 2517
55	95385	0.2	1	92339 3046
56	78099	0.2	1	75825 2274
57	97376	0.2	1	94672 2704
58	118767	0.2	1	115251 3516
59	48580	0.2	1	46721 1859
60	93783	0.2	1	91646 2137
61	51419	0.2	1	49652 1767
62	56601	0.2	1	54579 2022
63	76998	0.2	1	75051 1947
64	74653	0.2	1	72592 2061
65	31296	0.2	1	29800 1496
66	73206	0.2	1	71237 1969
67	16591	0.2	1	15844 747
68	54235	0.2	1	52259 1976
69	47272	0.2	1	45737 1535
70	93543	0.2	1	91177 2366
71	16591	0.2	1	15945 646
72	28217	0.2	1	27332 885
73	29716	0.2	1	28754 962
74	30273	0.2	1	29287 986
75	31794	0.2	1	30797 997
76	40942	0.2	1	39767 1175
77	72231	0.2	1	70366 1865
78	64732	0.2	1	62267 2465
79	22022	0.2	1	20481 1541
80	5292	0.2	1	4627 665
81	506	0.2	1	434 72
82	478	0.2	1	443 35
83	1077	0.2	1	1045 32
84	2130	0.2	1	2082 48
85	3298	0.2	1	3210 88
86	4327	0.2	1	4245 82
87	4531	0.2	1	4418 113
88	4025	0.2	1	3932 93
89	2857	0.2	1	2786 71
90	2493	0.2	1	2442 51
91	2162	0.2	1	2102 60
92	1792	0.2	1	1738 54
93	1456	0.2	1	1407 49
94	1249	0.2	1	1209 40
95	1041	0.2	1	1003 38
96	897	0.2	1	866 31
97	885	0.2	1	865 20
98	742	0.2	1	723 19
99	630	0.2	1	600 30
100	500	0.2	1	474 26
101	468	0.2	1	450 18
102	369	0.2	1	357 12
103	277	0.2	1	265 12
104	262	0.2	1	253 9
105	214	0.2	1	203 11
106	170	0.2	1	159 11
107	188	0.2	1	178 10
108	154	0.2	1	137 17
109	131	0.2	1	122 9
110	120	0.2	1	112 8
111	116	0.2	1	100 16
112	97	0.2	1	87 10
113	96	0.2	1	85 11
114	77	0.2	1	65 12
115	90	0.2	1	77 13
116	63	0.2	1	53 10
117	67	0.2	1	48 19
118	60	0.2	1	49 11
119	57	0.2	1	39 18
120	57	0.2	1	44 13
121	57	0.2	1	42 15
122	56	0.2	1	39 17
123	62	0.2	1	40 22
124	44	0.2	1	29 15
125	58	0.2	1	41 17
126	49	0.2	1	35 14
127	42	0.2	1	25 17
128	29	0.2	1	21 8
129	17	0.2	1	11 6
130	18	0.2	1	14 4
131	18	0.2	1	10 8
132	8	0.2	1	6 2
133	15	0.2	1	12 3
134	14	0.2	1	12 2
135	15	0.2	1	10 5
136	7	0.2	1	6 1
137	11	0.2	1	10 1
138	6	0.2	1	3 3
139	7	0.2	1	6 1
140	11	0.2	1	10 1
141	9	0.2	1	8 1
142	3	0.2	1	2 1
143	7	0.2	1	4 3
144	4	0.2	1	4
145	11	0.2	1	9 2
146	23	0.2	1	22 1
147	11	0.2	1	9 2
148	27	0.2	1	22 5
149	9	0.2	1	8 1
150	3	0.2	1	2 1


RUN STATISTICS FOR INPUT FILE: ./data_raw/W.2.fastq.gz
=============================================
16366840 sequences processed in total

Total number of sequences analysed for the sequence pair length validation: 16366840

Number of sequence pairs removed because at least one read was shorter than the length cutoff (20 bp): 1020529 (6.24%)
