
SUMMARISING RUN PARAMETERS
==========================
Input filename: ./data_raw/X.1.fastq.gz
Trimming mode: paired-end
Trim Galore version: 0.4.2
Cutadapt version: 1.11
Quality Phred score cutoff: 20
Quality encoding type selected: ASCII+33
Adapter sequence: 'AGATCGGAAGAGC' (Illumina TruSeq, Sanger iPCR; auto-detected)
Maximum trimming error rate: 0.1 (default)
Minimum required adapter overlap (stringency): 1 bp
Minimum required sequence length for both reads before a sequence pair gets removed: 20 bp
Length cut-off for read 1: 35 bp (default)
Length cut-off for read 2: 35 bp (default)
Output file will be GZIP compressed


This is cutadapt 1.11 with Python 2.7.12
Command line parameters: -f fastq -e 0.1 -q 20 -O 1 -a AGATCGGAAGAGC ./data_raw/X.1.fastq.gz
Trimming 1 adapter with at most 10.0% errors in single-end mode ...
Finished in 1017.98 s (63 us/read; 0.95 M reads/minute).

=== Summary ===

Total reads processed:              16,200,512
Reads with adapters:                10,560,855 (65.2%)
Reads written (passing filters):    16,200,512 (100.0%)

Total basepairs processed: 2,430,076,800 bp
Quality-trimmed:              64,723,089 bp (2.7%)
Total written (filtered):  2,082,354,507 bp (85.7%)

=== Adapter 1 ===

Sequence: AGATCGGAAGAGC; Type: regular 3'; Length: 13; Trimmed: 10560855 times.

No. of allowed errors:
0-9 bp: 0; 10-13 bp: 1

Bases preceding removed adapters:
  A: 15.3%
  C: 35.6%
  G: 30.0%
  T: 18.8%
  none/other: 0.2%

Overview of removed sequences
length	count	expect	max.err	error counts
1	1920384	4050128.0	0	1920384
2	654057	1012532.0	0	654057
3	276215	253133.0	0	276215
4	144418	63283.2	0	144418
5	101569	15820.8	0	101569
6	83890	3955.2	0	83890
7	83089	988.8	0	83089
8	103235	247.2	0	103235
9	134711	61.8	0	134550 161
10	150069	15.5	1	136844 13225
11	103411	3.9	1	92544 10867
12	106086	1.0	1	95551 10535
13	131301	0.2	1	119306 11995
14	94635	0.2	1	85124 9511
15	134671	0.2	1	122801 11870
16	70270	0.2	1	62518 7752
17	113692	0.2	1	103228 10464
18	100496	0.2	1	91833 8663
19	124503	0.2	1	113734 10769
20	95257	0.2	1	87035 8222
21	128012	0.2	1	116904 11108
22	135346	0.2	1	123102 12244
23	125853	0.2	1	114830 11023
24	122596	0.2	1	110962 11634
25	119412	0.2	1	109199 10213
26	99213	0.2	1	90303 8910
27	128467	0.2	1	117169 11298
28	119363	0.2	1	109648 9715
29	126563	0.2	1	115673 10890
30	119637	0.2	1	109445 10192
31	129750	0.2	1	118724 11026
32	143681	0.2	1	131957 11724
33	111069	0.2	1	101303 9766
34	112549	0.2	1	103305 9244
35	138770	0.2	1	126427 12343
36	130598	0.2	1	119122 11476
37	155625	0.2	1	142583 13042
38	103163	0.2	1	94576 8587
39	169119	0.2	1	154638 14481
40	156751	0.2	1	143425 13326
41	220874	0.2	1	201974 18900
42	316690	0.2	1	289550 27140
43	282547	0.2	1	256721 25826
44	296099	0.2	1	272294 23805
45	41402	0.2	1	37788 3614
46	58305	0.2	1	53437 4868
47	60325	0.2	1	55426 4899
48	82605	0.2	1	76176 6429
49	141340	0.2	1	130927 10413
50	43888	0.2	1	39832 4056
51	141986	0.2	1	130583 11403
52	111195	0.2	1	102658 8537
53	71573	0.2	1	65704 5869
54	82601	0.2	1	76172 6429
55	119826	0.2	1	110535 9291
56	83818	0.2	1	77533 6285
57	23777	0.2	1	21812 1965
58	64291	0.2	1	59342 4949
59	128376	0.2	1	118792 9584
60	23526	0.2	1	21529 1997
61	54779	0.2	1	50694 4085
62	76349	0.2	1	70606 5743
63	19374	0.2	1	17933 1441
64	44959	0.2	1	41650 3309
65	69231	0.2	1	64033 5198
66	29198	0.2	1	26969 2229
67	35459	0.2	1	32812 2647
68	40390	0.2	1	37328 3062
69	36250	0.2	1	33367 2883
70	35381	0.2	1	32641 2740
71	37313	0.2	1	34314 2999
72	51245	0.2	1	46742 4503
73	61634	0.2	1	56248 5386
74	66736	0.2	1	60630 6106
75	51684	0.2	1	47497 4187
76	5059	0.2	1	4524 535
77	277	0.2	1	246 31
78	1350	0.2	1	1243 107
79	4029	0.2	1	3740 289
80	6790	0.2	1	6241 549
81	8328	0.2	1	7646 682
82	8728	0.2	1	8088 640
83	9216	0.2	1	8504 712
84	8790	0.2	1	8055 735
85	8358	0.2	1	7749 609
86	8088	0.2	1	7510 578
87	7550	0.2	1	6956 594
88	6952	0.2	1	6438 514
89	6446	0.2	1	5915 531
90	5800	0.2	1	5323 477
91	5095	0.2	1	4689 406
92	4573	0.2	1	4203 370
93	3931	0.2	1	3607 324
94	3508	0.2	1	3231 277
95	3204	0.2	1	2972 232
96	3051	0.2	1	2835 216
97	2868	0.2	1	2663 205
98	2700	0.2	1	2486 214
99	2451	0.2	1	2253 198
100	2104	0.2	1	1955 149
101	1847	0.2	1	1716 131
102	1577	0.2	1	1461 116
103	1360	0.2	1	1262 98
104	1108	0.2	1	1026 82
105	1002	0.2	1	910 92
106	952	0.2	1	847 105
107	915	0.2	1	809 106
108	815	0.2	1	745 70
109	775	0.2	1	713 62
110	635	0.2	1	562 73
111	634	0.2	1	580 54
112	484	0.2	1	430 54
113	487	0.2	1	431 56
114	385	0.2	1	333 52
115	386	0.2	1	330 56
116	273	0.2	1	241 32
117	293	0.2	1	249 44
118	262	0.2	1	228 34
119	293	0.2	1	247 46
120	192	0.2	1	164 28
121	203	0.2	1	171 32
122	167	0.2	1	131 36
123	189	0.2	1	143 46
124	141	0.2	1	115 26
125	168	0.2	1	136 32
126	136	0.2	1	104 32
127	135	0.2	1	91 44
128	104	0.2	1	72 32
129	107	0.2	1	79 28
130	68	0.2	1	49 19
131	86	0.2	1	50 36
132	35	0.2	1	25 10
133	54	0.2	1	45 9
134	57	0.2	1	50 7
135	53	0.2	1	48 5
136	41	0.2	1	30 11
137	44	0.2	1	39 5
138	37	0.2	1	35 2
139	36	0.2	1	25 11
140	24	0.2	1	20 4
141	67	0.2	1	60 7
142	35	0.2	1	25 10
143	53	0.2	1	52 1
144	20	0.2	1	19 1
145	137	0.2	1	94 43
146	193	0.2	1	187 6
147	75	0.2	1	67 8
148	236	0.2	1	233 3
149	82	0.2	1	60 22
150	7629	0.2	1	39 7590


RUN STATISTICS FOR INPUT FILE: ./data_raw/X.1.fastq.gz
=============================================
16200512 sequences processed in total

