
SUMMARISING RUN PARAMETERS
==========================
Input filename: ./data_raw/X.2.fastq.gz
Trimming mode: paired-end
Trim Galore version: 0.4.2
Cutadapt version: 1.11
Quality Phred score cutoff: 20
Quality encoding type selected: ASCII+33
Adapter sequence: 'AGATCGGAAGAGC' (Illumina TruSeq, Sanger iPCR; auto-detected)
Maximum trimming error rate: 0.1 (default)
Minimum required adapter overlap (stringency): 1 bp
Minimum required sequence length for both reads before a sequence pair gets removed: 20 bp
Length cut-off for read 1: 35 bp (default)
Length cut-off for read 2: 35 bp (default)
Output file will be GZIP compressed


This is cutadapt 1.11 with Python 2.7.12
Command line parameters: -f fastq -e 0.1 -q 20 -O 1 -a AGATCGGAAGAGC ./data_raw/X.2.fastq.gz
Trimming 1 adapter with at most 10.0% errors in single-end mode ...
Finished in 1056.79 s (65 us/read; 0.92 M reads/minute).

=== Summary ===

Total reads processed:              16,200,512
Reads with adapters:                10,026,090 (61.9%)
Reads written (passing filters):    16,200,512 (100.0%)

Total basepairs processed: 2,430,076,800 bp
Quality-trimmed:             254,186,044 bp (10.5%)
Total written (filtered):  1,933,043,734 bp (79.5%)

=== Adapter 1 ===

Sequence: AGATCGGAAGAGC; Type: regular 3'; Length: 13; Trimmed: 10026090 times.

No. of allowed errors:
0-9 bp: 0; 10-13 bp: 1

Bases preceding removed adapters:
  A: 14.5%
  C: 37.7%
  G: 34.6%
  T: 13.0%
  none/other: 0.2%

Overview of removed sequences
length	count	expect	max.err	error counts
1	2054942	4050128.0	0	2054942
2	605485	1012532.0	0	605485
3	284178	253133.0	0	284178
4	122154	63283.2	0	122154
5	130328	15820.8	0	130328
6	75398	3955.2	0	75398
7	80263	988.8	0	80263
8	110540	247.2	0	110540
9	141262	61.8	0	141036 226
10	149072	15.5	1	140714 8358
11	75821	3.9	1	66937 8884
12	78951	1.0	1	71626 7325
13	103217	0.2	1	95416 7801
14	105402	0.2	1	98148 7254
15	91968	0.2	1	86140 5828
16	118052	0.2	1	108383 9669
17	135824	0.2	1	126601 9223
18	146032	0.2	1	137027 9005
19	125619	0.2	1	117231 8388
20	137116	0.2	1	129773 7343
21	65963	0.2	1	60151 5812
22	88190	0.2	1	83812 4378
23	93621	0.2	1	88278 5343
24	143342	0.2	1	134631 8711
25	93640	0.2	1	87639 6001
26	135939	0.2	1	127166 8773
27	201385	0.2	1	187594 13791
28	125254	0.2	1	118441 6813
29	124089	0.2	1	112276 11813
30	125940	0.2	1	119072 6868
31	147979	0.2	1	140452 7527
32	100831	0.2	1	94686 6145
33	114019	0.2	1	107294 6725
34	245927	0.2	1	235091 10836
35	79557	0.2	1	75261 4296
36	146836	0.2	1	137891 8945
37	187403	0.2	1	180673 6730
38	59765	0.2	1	54214 5551
39	94844	0.2	1	90508 4336
40	120525	0.2	1	114581 5944
41	168072	0.2	1	160294 7778
42	189174	0.2	1	182482 6692
43	140465	0.2	1	134379 6086
44	500974	0.2	1	489301 11673
45	156677	0.2	1	150195 6482
46	101257	0.2	1	95632 5625
47	124546	0.2	1	120103 4443
48	49610	0.2	1	45822 3788
49	94950	0.2	1	91100 3850
50	34704	0.2	1	32825 1879
51	54698	0.2	1	52312 2386
52	29202	0.2	1	27668 1534
53	40550	0.2	1	39046 1504
54	88272	0.2	1	85576 2696
55	37487	0.2	1	35813 1674
56	51536	0.2	1	49751 1785
57	137535	0.2	1	134002 3533
58	55654	0.2	1	53486 2168
59	23578	0.2	1	22465 1113
60	69862	0.2	1	68025 1837
61	24983	0.2	1	23831 1152
62	36243	0.2	1	34573 1670
63	66889	0.2	1	64998 1891
64	27095	0.2	1	25961 1134
65	14455	0.2	1	13568 887
66	31194	0.2	1	30145 1049
67	8701	0.2	1	8275 426
68	21740	0.2	1	20642 1098
69	18678	0.2	1	17912 766
70	43549	0.2	1	42074 1475
71	6109	0.2	1	5800 309
72	11897	0.2	1	11402 495
73	14545	0.2	1	13972 573
74	15884	0.2	1	15284 600
75	17818	0.2	1	17158 660
76	22260	0.2	1	21454 806
77	38742	0.2	1	37605 1137
78	42265	0.2	1	40603 1662
79	14598	0.2	1	13564 1034
80	3255	0.2	1	2851 404
81	375	0.2	1	334 41
82	364	0.2	1	341 23
83	908	0.2	1	881 27
84	1656	0.2	1	1603 53
85	2596	0.2	1	2517 79
86	3458	0.2	1	3352 106
87	3535	0.2	1	3430 105
88	2814	0.2	1	2710 104
89	1887	0.2	1	1828 59
90	1604	0.2	1	1564 40
91	1348	0.2	1	1307 41
92	1134	0.2	1	1087 47
93	901	0.2	1	868 33
94	816	0.2	1	790 26
95	717	0.2	1	686 31
96	573	0.2	1	552 21
97	565	0.2	1	540 25
98	495	0.2	1	478 17
99	447	0.2	1	422 25
100	363	0.2	1	345 18
101	326	0.2	1	315 11
102	231	0.2	1	218 13
103	245	0.2	1	230 15
104	176	0.2	1	169 7
105	159	0.2	1	144 15
106	155	0.2	1	140 15
107	161	0.2	1	148 13
108	131	0.2	1	119 12
109	109	0.2	1	102 7
110	110	0.2	1	96 14
111	111	0.2	1	97 14
112	85	0.2	1	73 12
113	101	0.2	1	89 12
114	76	0.2	1	68 8
115	62	0.2	1	55 7
116	63	0.2	1	52 11
117	68	0.2	1	54 14
118	59	0.2	1	44 15
119	79	0.2	1	53 26
120	38	0.2	1	30 8
121	69	0.2	1	53 16
122	53	0.2	1	39 14
123	71	0.2	1	46 25
124	38	0.2	1	28 10
125	43	0.2	1	28 15
126	56	0.2	1	39 17
127	41	0.2	1	23 18
128	31	0.2	1	23 8
129	31	0.2	1	20 11
130	15	0.2	1	4 11
131	12	0.2	1	9 3
132	4	0.2	1	4
133	10	0.2	1	4 6
134	8	0.2	1	8
135	5	0.2	1	4 1
136	11	0.2	1	8 3
137	10	0.2	1	7 3
138	9	0.2	1	7 2
139	6	0.2	1	2 4
140	5	0.2	1	2 3
141	8	0.2	1	7 1
142	3	0.2	1	1 2
143	4	0.2	1	1 3
144	8	0.2	1	6 2
145	9	0.2	1	7 2
146	25	0.2	1	20 5
147	6	0.2	1	3 3
148	14	0.2	1	14
149	7	0.2	1	5 2
150	1	0.2	1	1


RUN STATISTICS FOR INPUT FILE: ./data_raw/X.2.fastq.gz
=============================================
16200512 sequences processed in total

Total number of sequences analysed for the sequence pair length validation: 16200512

Number of sequence pairs removed because at least one read was shorter than the length cutoff (20 bp): 1004813 (6.20%)
