TRINITY_DN16889_c0_g1_i1_1124697.1_100_100_0_0_1_100_90_189_9.16E-47_185	tr|A0A060Z4R5|A0A060Z4R5_ONCMY	45.455	22	12	0	1106	1171	61	82	5.3	29.6
TRINITY_DN57264_c0_g1_i1_JX683453.1_100_66_0_0_1_66_236_301_7.29E-28_122	tr|A0A060WCP6|A0A060WCP6_ONCMY	100.000	100	0	0	2	301	236	335	1.63e-63	207
TRINITY_DN57264_c0_g1_i1_JX683453.1_100_66_0_0_1_66_236_301_7.29E-28_122	tr|U3LZU0|U3LZU0_ONCCL	100.000	100	0	0	2	301	272	371	1.93e-63	207
TRINITY_DN57264_c0_g1_i1_JX683453.1_100_66_0_0_1_66_236_301_7.29E-28_122	tr|A0A059PXT8|A0A059PXT8_ONCCL	23.333	90	69	0	26	295	280	369	2.94e-06	44.7
TRINITY_DN57264_c0_g1_i1_JX683453.1_100_66_0_0_1_66_236_301_7.29E-28_122	sp|Q92093|VIT_ONCMY	23.333	90	69	0	26	295	280	369	3.44e-06	44.3
TRINITY_DN57264_c0_g1_i1_JX683453.1_100_66_0_0_1_66_236_301_7.29E-28_122	tr|A0A060ZDV5|A0A060ZDV5_ONCMY	33.962	53	33	1	299	147	88	140	1.7	27.7
TRINITY_DN57264_c0_g1_i1_JX683453.1_100_66_0_0_1_66_236_301_7.29E-28_122	tr|A0A060YAX9|A0A060YAX9_ONCMY	34.783	46	30	0	284	147	942	987	1.8	28.1
TRINITY_DN57264_c0_g1_i1_JX683453.1_100_66_0_0_1_66_236_301_7.29E-28_122	tr|A0A060WYJ5|A0A060WYJ5_ONCMY	35.294	34	22	0	197	298	1223	1256	3.6	27.3
TRINITY_DN57264_c0_g1_i1_JX683453.1_100_66_0_0_1_66_236_301_7.29E-28_122	tr|A0A060XUH3|A0A060XUH3_ONCMY	35.714	28	18	0	212	295	702	729	8.3	26.2
TRINITY_DN42465_c0_g1_i1_KC679073.1_98_100_2_0_1_100_410_509_1.98E-43_174	tr|A0A060YXE1|A0A060YXE1_ONCMY	38.298	47	23	2	570	433	431	472	4.7	28.9
TRINITY_DN42465_c0_g1_i1_KC679073.1_98_100_2_0_1_100_410_509_1.98E-43_174	tr|A0A060XVG8|A0A060XVG8_ONCMY	44.828	29	16	0	231	145	316	344	5.5	28.5
TRINITY_DN42465_c0_g1_i1_KC679073.1_98_100_2_0_1_100_410_509_1.98E-43_174	tr|A0A060Y1L7|A0A060Y1L7_ONCMY	44.828	29	16	0	231	145	483	511	6.5	28.5
TRINITY_DN9639_c0_g1_i1_1124254.1_100_100_0_0_1_100_415_514_9.16E-47_185	tr|Q9PTS4|Q9PTS4_ONCKI	100.000	100	0	0	186	485	1	100	7.17e-68	207
TRINITY_DN9639_c0_g1_i1_1124254.1_100_100_0_0_1_100_415_514_9.16E-47_185	tr|Q9PTS3|Q9PTS3_SALTR	99.000	100	1	0	186	485	1	100	9.05e-67	204
TRINITY_DN9639_c0_g1_i1_1124254.1_100_100_0_0_1_100_415_514_9.16E-47_185	tr|Q9W691|Q9W691_ONCMY	95.000	100	5	0	186	485	1	100	1.16e-62	194
TRINITY_DN9639_c0_g1_i1_1124254.1_100_100_0_0_1_100_415_514_9.16E-47_185	tr|Q9PT06|Q9PT06_ONCMY	94.000	100	6	0	186	485	1	100	3.33e-62	193
TRINITY_DN9639_c0_g1_i1_1124254.1_100_100_0_0_1_100_415_514_9.16E-47_185	tr|Q9PT07|Q9PT07_ONCMY	94.000	100	6	0	186	485	1	100	6.61e-62	192
TRINITY_DN9639_c0_g1_i1_1124254.1_100_100_0_0_1_100_415_514_9.16E-47_185	tr|Q9PT04|Q9PT04_ONCMY	94.000	100	6	0	186	485	1	100	8.40e-62	192
TRINITY_DN9639_c0_g1_i1_1124254.1_100_100_0_0_1_100_415_514_9.16E-47_185	tr|Q9PT03|Q9PT03_ONCMY	93.000	100	7	0	186	485	1	100	1.13e-60	189
TRINITY_DN9639_c0_g1_i1_1124254.1_100_100_0_0_1_100_415_514_9.16E-47_185	tr|Q9PT05|Q9PT05_ONCMY	93.000	100	7	0	186	485	1	100	1.34e-60	189
TRINITY_DN9639_c0_g1_i1_1124254.1_100_100_0_0_1_100_415_514_9.16E-47_185	tr|A0A060YQJ4|A0A060YQJ4_ONCMY	94.253	87	5	0	186	446	1	87	6.05e-53	169
TRINITY_DN9639_c0_g1_i1_1124254.1_100_100_0_0_1_100_415_514_9.16E-47_185	tr|B9ENE0|B9ENE0_SALSA	71.795	78	22	0	246	479	19	96	1.70e-33	119
TRINITY_DN9639_c0_g1_i1_1124254.1_100_100_0_0_1_100_415_514_9.16E-47_185	tr|B9EL65|B9EL65_SALSA	72.727	66	17	1	246	443	19	83	7.31e-27	102
TRINITY_DN9639_c0_g1_i1_1124254.1_100_100_0_0_1_100_415_514_9.16E-47_185	tr|A0A060ZEP9|A0A060ZEP9_ONCMY	32.812	64	43	0	270	461	31	94	2.12e-10	57.4
TRINITY_DN9639_c0_g1_i1_1124254.1_100_100_0_0_1_100_415_514_9.16E-47_185	tr|A0A060Z5E6|A0A060Z5E6_ONCMY	30.769	65	45	0	267	461	34	98	4.36e-09	53.9
TRINITY_DN9639_c0_g1_i1_1124254.1_100_100_0_0_1_100_415_514_9.16E-47_185	tr|B9EPW9|B9EPW9_SALSA	38.000	50	31	0	270	419	36	85	3.50e-07	48.5
TRINITY_DN9639_c0_g1_i1_1124254.1_100_100_0_0_1_100_415_514_9.16E-47_185	tr|B5X7X5|B5X7X5_SALSA	29.577	71	44	1	234	428	15	85	4.28e-07	48.5
TRINITY_DN9639_c0_g1_i1_1124254.1_100_100_0_0_1_100_415_514_9.16E-47_185	tr|B5XCT7|B5XCT7_SALSA	28.421	95	60	3	216	485	5	96	7.22e-07	47.8
TRINITY_DN9639_c0_g1_i1_1124254.1_100_100_0_0_1_100_415_514_9.16E-47_185	tr|A0A060YNV4|A0A060YNV4_ONCMY	31.481	54	37	0	270	431	33	86	7.74e-07	47.8
TRINITY_DN9639_c0_g1_i1_1124254.1_100_100_0_0_1_100_415_514_9.16E-47_185	tr|B9EMJ9|B9EMJ9_SALSA	36.000	50	32	0	270	419	36	85	1.65e-06	46.6
TRINITY_DN9639_c0_g1_i1_1124254.1_100_100_0_0_1_100_415_514_9.16E-47_185	tr|B5X9I2|B5X9I2_SALSA	27.848	79	55	1	252	482	23	101	2.50e-06	46.2
TRINITY_DN9639_c0_g1_i1_1124254.1_100_100_0_0_1_100_415_514_9.16E-47_185	tr|A0A060Y300|A0A060Y300_ONCMY	36.000	50	32	0	270	419	36	85	3.67e-06	45.8
TRINITY_DN9639_c0_g1_i1_1124254.1_100_100_0_0_1_100_415_514_9.16E-47_185	tr|B5X5S6|B5X5S6_SALSA	37.255	51	32	0	267	419	35	85	1.03e-05	44.3
TRINITY_DN9639_c0_g1_i1_1124254.1_100_100_0_0_1_100_415_514_9.16E-47_185	tr|A0A060XL04|A0A060XL04_ONCMY	27.848	79	55	1	252	482	23	101	2.41e-05	43.5
TRINITY_DN9639_c0_g1_i1_1124254.1_100_100_0_0_1_100_415_514_9.16E-47_185	tr|A0A060YA11|A0A060YA11_ONCMY	31.646	79	51	2	252	479	23	101	2.99e-05	43.1
TRINITY_DN9639_c0_g1_i1_1124254.1_100_100_0_0_1_100_415_514_9.16E-47_185	tr|A0A060VST7|A0A060VST7_ONCMY	31.343	67	44	1	264	458	25	91	6.75e-05	42.0
TRINITY_DN9639_c0_g1_i1_1124254.1_100_100_0_0_1_100_415_514_9.16E-47_185	tr|A0A060YMY4|A0A060YMY4_ONCMY	31.818	66	41	2	270	467	30	91	7.23e-05	43.1
TRINITY_DN9639_c0_g1_i1_1124254.1_100_100_0_0_1_100_415_514_9.16E-47_185	tr|A0A060Y3X6|A0A060Y3X6_ONCMY	27.273	77	53	2	207	431	6	81	7.50e-05	42.0
TRINITY_DN9639_c0_g1_i1_1124254.1_100_100_0_0_1_100_415_514_9.16E-47_185	tr|B5X8E8|B5X8E8_SALSA	31.343	67	44	1	264	458	38	104	9.41e-05	41.6
TRINITY_DN9639_c0_g1_i1_1124254.1_100_100_0_0_1_100_415_514_9.16E-47_185	tr|B5XDV5|B5XDV5_SALSA	31.818	66	43	1	264	455	25	90	1.04e-04	41.2
TRINITY_DN9639_c0_g1_i1_1124254.1_100_100_0_0_1_100_415_514_9.16E-47_185	tr|A0A060XF71|A0A060XF71_ONCMY	36.000	50	32	0	270	419	16	65	1.58e-04	41.2
TRINITY_DN9639_c0_g1_i1_1124254.1_100_100_0_0_1_100_415_514_9.16E-47_185	tr|C1BGE0|C1BGE0_ONCMY	35.185	54	30	2	261	419	29	78	5.90e-04	39.3
TRINITY_DN9639_c0_g1_i1_1124254.1_100_100_0_0_1_100_415_514_9.16E-47_185	tr|B5XAL9|B5XAL9_SALSA	35.849	53	32	1	267	425	34	84	8.31e-04	38.9
TRINITY_DN9639_c0_g1_i1_1124254.1_100_100_0_0_1_100_415_514_9.16E-47_185	tr|C1BHV3|C1BHV3_ONCMY	29.114	79	45	2	216	425	7	83	0.002	37.7
TRINITY_DN9639_c0_g1_i1_1124254.1_100_100_0_0_1_100_415_514_9.16E-47_185	tr|C1BI64|C1BI64_ONCMY	29.114	79	45	2	216	425	7	83	0.002	37.7
TRINITY_DN9639_c0_g1_i1_1124254.1_100_100_0_0_1_100_415_514_9.16E-47_185	tr|A0A060YLD7|A0A060YLD7_ONCMY	32.857	70	45	2	270	479	79	146	0.002	39.3
TRINITY_DN9639_c0_g1_i1_1124254.1_100_100_0_0_1_100_415_514_9.16E-47_185	tr|A0A060WD73|A0A060WD73_ONCMY	28.571	63	43	1	267	449	26	88	0.004	36.6
TRINITY_DN9639_c0_g1_i1_1124254.1_100_100_0_0_1_100_415_514_9.16E-47_185	tr|B5X8C5|B5X8C5_SALSA	33.333	51	29	2	270	419	32	78	0.005	36.6
TRINITY_DN9639_c0_g1_i1_1124254.1_100_100_0_0_1_100_415_514_9.16E-47_185	tr|A0A060YFY5|A0A060YFY5_ONCMY	26.000	100	66	2	207	485	3	101	0.006	37.4
TRINITY_DN9639_c0_g1_i1_1124254.1_100_100_0_0_1_100_415_514_9.16E-47_185	tr|B5X9A6|B5X9A6_SALSA	26.027	73	53	1	267	485	30	101	0.006	37.4
TRINITY_DN9639_c0_g1_i1_1124254.1_100_100_0_0_1_100_415_514_9.16E-47_185	tr|C1BHN9|C1BHN9_ONCMY	27.848	79	46	2	216	425	7	83	0.008	36.2
TRINITY_DN9639_c0_g1_i1_1124254.1_100_100_0_0_1_100_415_514_9.16E-47_185	tr|B5XFI2|B5XFI2_SALSA	32.692	52	35	0	267	422	31	82	0.008	36.6
TRINITY_DN9639_c0_g1_i1_1124254.1_100_100_0_0_1_100_415_514_9.16E-47_185	tr|B5X5Q4|B5X5Q4_SALSA	32.075	53	31	2	270	425	32	80	0.018	35.0
TRINITY_DN9639_c0_g1_i1_1124254.1_100_100_0_0_1_100_415_514_9.16E-47_185	tr|A8QKW6|A8QKW6_SALSA	26.437	87	53	3	186	425	1	83	0.099	33.1
TRINITY_DN9639_c0_g1_i1_1124254.1_100_100_0_0_1_100_415_514_9.16E-47_185	tr|B5XFF9|B5XFF9_SALSA	30.189	53	32	2	270	425	32	80	0.17	32.3
TRINITY_DN9639_c0_g1_i1_1124254.1_100_100_0_0_1_100_415_514_9.16E-47_185	tr|Q64IC2|Q64IC2_ONCMY	25.287	87	54	3	186	425	1	83	0.40	31.2
TRINITY_DN9639_c0_g1_i1_1124254.1_100_100_0_0_1_100_415_514_9.16E-47_185	tr|B9EMS0|B9EMS0_SALSA	28.947	38	27	0	270	383	36	73	0.72	30.0
TRINITY_DN9639_c0_g1_i1_1124254.1_100_100_0_0_1_100_415_514_9.16E-47_185	tr|A0A060Y0D9|A0A060Y0D9_ONCMY	25.862	58	41	1	255	428	27	82	1.5	29.3
TRINITY_DN9639_c0_g1_i1_1124254.1_100_100_0_0_1_100_415_514_9.16E-47_185	tr|B5X5G3|B5X5G3_SALSA	27.551	98	57	6	189	470	1	88	4.1	28.5
TRINITY_DN27715_c0_g6_i1_1141467.2_98_100_2_0_1_100_209_110_1.98E-43_174	tr|B5DH02|B5DH02_SALSA	99.479	192	1	0	908	333	249	440	3.02e-141	406
TRINITY_DN27715_c0_g6_i1_1141467.2_98_100_2_0_1_100_209_110_1.98E-43_174	tr|B5DH01|B5DH01_SALSA	98.958	192	2	0	908	333	249	440	3.55e-141	406
TRINITY_DN27715_c0_g6_i1_1141467.2_98_100_2_0_1_100_209_110_1.98E-43_174	sp|P30436|TBA_ONCKE	98.958	192	2	0	908	333	249	440	4.28e-141	406
TRINITY_DN27715_c0_g6_i1_1141467.2_98_100_2_0_1_100_209_110_1.98E-43_174	tr|B5XFE9|B5XFE9_SALSA	98.958	192	2	0	908	333	249	440	2.45e-140	404
TRINITY_DN27715_c0_g6_i1_1141467.2_98_100_2_0_1_100_209_110_1.98E-43_174	tr|C0HA00|C0HA00_SALSA	98.958	192	2	0	908	333	373	564	3.32e-139	405
TRINITY_DN27715_c0_g6_i1_1141467.2_98_100_2_0_1_100_209_110_1.98E-43_174	tr|Q98TS1|Q98TS1_ONCNE	95.833	192	8	0	908	333	249	440	9.87e-138	397
TRINITY_DN27715_c0_g6_i1_1141467.2_98_100_2_0_1_100_209_110_1.98E-43_174	tr|A0A060VW86|A0A060VW86_ONCMY	94.792	192	10	0	908	333	208	399	3.96e-137	394
TRINITY_DN27715_c0_g6_i1_1141467.2_98_100_2_0_1_100_209_110_1.98E-43_174	tr|B5DGE8|B5DGE8_SALSA	95.833	192	8	0	908	333	249	440	7.58e-137	395
TRINITY_DN27715_c0_g6_i1_1141467.2_98_100_2_0_1_100_209_110_1.98E-43_174	tr|C0PU76|C0PU76_SALSA	94.792	192	10	0	908	333	230	421	8.61e-137	394
TRINITY_DN27715_c0_g6_i1_1141467.2_98_100_2_0_1_100_209_110_1.98E-43_174	sp|P18288|TBAT_ONCMY	95.312	192	9	0	908	333	249	440	1.16e-136	394
TRINITY_DN27715_c0_g6_i1_1141467.2_98_100_2_0_1_100_209_110_1.98E-43_174	tr|A0A060WLR9|A0A060WLR9_ONCMY	93.194	191	13	0	908	336	234	424	1.47e-134	389
TRINITY_DN27715_c0_g6_i1_1141467.2_98_100_2_0_1_100_209_110_1.98E-43_174	tr|A0A060WVV4|A0A060WVV4_ONCMY	89.005	191	21	0	908	336	263	453	3.41e-128	374
TRINITY_DN27715_c0_g6_i1_1141467.2_98_100_2_0_1_100_209_110_1.98E-43_174	tr|B5X0S5|B5X0S5_SALSA	89.005	191	21	0	908	336	250	440	4.72e-128	373
TRINITY_DN27715_c0_g6_i1_1141467.2_98_100_2_0_1_100_209_110_1.98E-43_174	tr|A0A060WER4|A0A060WER4_ONCMY	80.208	192	10	2	908	333	199	362	9.69e-107	315
TRINITY_DN27715_c0_g6_i1_1141467.2_98_100_2_0_1_100_209_110_1.98E-43_174	tr|A0A060WX95|A0A060WX95_ONCMY	79.688	192	5	1	908	333	214	371	1.01e-105	313
TRINITY_DN27715_c0_g6_i1_1141467.2_98_100_2_0_1_100_209_110_1.98E-43_174	tr|A0A060ZHQ2|A0A060ZHQ2_ONCMY	79.688	192	5	1	908	333	214	371	2.78e-105	312
TRINITY_DN27715_c0_g6_i1_1141467.2_98_100_2_0_1_100_209_110_1.98E-43_174	tr|A0A060Y4G7|A0A060Y4G7_ONCMY	98.561	139	2	0	749	333	1	139	3.13e-101	293
TRINITY_DN27715_c0_g6_i1_1141467.2_98_100_2_0_1_100_209_110_1.98E-43_174	tr|A0A060VUH0|A0A060VUH0_ONCMY	96.403	139	5	0	749	333	1	139	2.78e-99	288
TRINITY_DN27715_c0_g6_i1_1141467.2_98_100_2_0_1_100_209_110_1.98E-43_174	tr|A0A060X3T9|A0A060X3T9_ONCMY	76.216	185	4	1	890	336	224	368	5.76e-95	286
TRINITY_DN27715_c0_g6_i1_1141467.2_98_100_2_0_1_100_209_110_1.98E-43_174	tr|A0A060W4H1|A0A060W4H1_ONCMY	72.917	192	5	2	908	333	214	358	5.43e-91	275
TRINITY_DN27715_c0_g6_i1_1141467.2_98_100_2_0_1_100_209_110_1.98E-43_174	tr|A0A060X559|A0A060X559_ONCMY	70.681	191	7	2	908	336	276	417	4.88e-85	262
TRINITY_DN27715_c0_g6_i1_1141467.2_98_100_2_0_1_100_209_110_1.98E-43_174	tr|A0A060W2G0|A0A060W2G0_ONCMY	62.500	192	5	3	908	333	236	360	1.09e-68	218
TRINITY_DN27715_c0_g6_i1_1141467.2_98_100_2_0_1_100_209_110_1.98E-43_174	tr|A0A060Z9K5|A0A060Z9K5_ONCMY	94.937	79	4	0	908	672	214	292	3.63e-50	168
TRINITY_DN27715_c0_g6_i1_1141467.2_98_100_2_0_1_100_209_110_1.98E-43_174	tr|A0A060WL13|A0A060WL13_ONCMY	94.937	79	4	0	908	672	214	292	1.37e-49	168
TRINITY_DN27715_c0_g6_i1_1141467.2_98_100_2_0_1_100_209_110_1.98E-43_174	tr|A0A060XNT9|A0A060XNT9_ONCMY	36.022	186	111	1	908	351	247	424	2.16e-42	152
TRINITY_DN27715_c0_g6_i1_1141467.2_98_100_2_0_1_100_209_110_1.98E-43_174	tr|B5X3H7|B5X3H7_SALSA	36.022	186	111	1	908	351	247	424	2.18e-42	152
TRINITY_DN27715_c0_g6_i1_1141467.2_98_100_2_0_1_100_209_110_1.98E-43_174	tr|A0A060WQF2|A0A060WQF2_ONCMY	36.022	186	111	1	908	351	250	427	3.01e-42	151
TRINITY_DN27715_c0_g6_i1_1141467.2_98_100_2_0_1_100_209_110_1.98E-43_174	tr|B5X0U5|B5X0U5_SALSA	34.946	186	113	1	908	351	247	424	1.33e-40	147
TRINITY_DN27715_c0_g6_i1_1141467.2_98_100_2_0_1_100_209_110_1.98E-43_174	tr|A0A060VX25|A0A060VX25_ONCMY	34.409	186	114	1	908	351	247	424	2.28e-40	146
TRINITY_DN27715_c0_g6_i1_1141467.2_98_100_2_0_1_100_209_110_1.98E-43_174	tr|A0A060WK77|A0A060WK77_ONCMY	34.946	186	113	1	908	351	290	467	2.36e-40	147
TRINITY_DN27715_c0_g6_i1_1141467.2_98_100_2_0_1_100_209_110_1.98E-43_174	tr|C0HBL4|C0HBL4_SALSA	34.409	186	114	1	908	351	247	424	2.50e-40	146
TRINITY_DN27715_c0_g6_i1_1141467.2_98_100_2_0_1_100_209_110_1.98E-43_174	tr|A0A060XGB4|A0A060XGB4_ONCMY	34.409	186	114	1	908	351	247	424	2.50e-40	146
TRINITY_DN27715_c0_g6_i1_1141467.2_98_100_2_0_1_100_209_110_1.98E-43_174	tr|C0H808|C0H808_SALSA	34.409	186	114	1	908	351	247	424	3.03e-40	146
TRINITY_DN27715_c0_g6_i1_1141467.2_98_100_2_0_1_100_209_110_1.98E-43_174	tr|A0A060XV78|A0A060XV78_ONCMY	34.409	186	114	1	908	351	247	424	3.03e-40	146
TRINITY_DN27715_c0_g6_i1_1141467.2_98_100_2_0_1_100_209_110_1.98E-43_174	tr|A7KIJ4|A7KIJ4_SALSA	34.946	186	113	1	908	351	247	424	5.21e-40	145
TRINITY_DN27715_c0_g6_i1_1141467.2_98_100_2_0_1_100_209_110_1.98E-43_174	tr|C0H8A6|C0H8A6_SALSA	34.409	186	114	1	908	351	247	424	5.47e-40	145
TRINITY_DN27715_c0_g6_i1_1141467.2_98_100_2_0_1_100_209_110_1.98E-43_174	tr|A0A060X6Y9|A0A060X6Y9_ONCMY	34.409	186	114	1	908	351	247	424	6.16e-40	145
TRINITY_DN27715_c0_g6_i1_1141467.2_98_100_2_0_1_100_209_110_1.98E-43_174	tr|A0A060VMG6|A0A060VMG6_ONCMY	34.946	186	113	2	908	351	291	468	3.27e-39	144
TRINITY_DN27715_c0_g6_i1_1141467.2_98_100_2_0_1_100_209_110_1.98E-43_174	tr|A0A060VUF9|A0A060VUF9_ONCMY	34.409	186	114	2	908	351	269	446	1.04e-38	142
TRINITY_DN27715_c0_g6_i1_1141467.2_98_100_2_0_1_100_209_110_1.98E-43_174	tr|A0A060Y7K1|A0A060Y7K1_ONCMY	34.409	186	114	1	908	351	253	430	1.77e-38	142
TRINITY_DN27715_c0_g6_i1_1141467.2_98_100_2_0_1_100_209_110_1.98E-43_174	tr|Q8AWI2|Q8AWI2_ONCMY	96.825	63	2	0	908	720	130	192	2.93e-38	134
TRINITY_DN27715_c0_g6_i1_1141467.2_98_100_2_0_1_100_209_110_1.98E-43_174	tr|C3VPX6|C3VPX6_ONCTS	91.489	47	4	0	908	768	25	71	8.33e-26	98.2
TRINITY_DN27715_c0_g6_i1_1141467.2_98_100_2_0_1_100_209_110_1.98E-43_174	tr|A0A060WJ23|A0A060WJ23_ONCMY	29.787	188	121	3	908	348	280	457	1.91e-24	103
TRINITY_DN27715_c0_g6_i1_1141467.2_98_100_2_0_1_100_209_110_1.98E-43_174	tr|A0A060Y6W4|A0A060Y6W4_ONCMY	93.023	43	3	0	461	333	1	43	6.73e-22	87.4
TRINITY_DN27715_c0_g6_i1_1141467.2_98_100_2_0_1_100_209_110_1.98E-43_174	tr|A0A060Y0U5|A0A060Y0U5_ONCMY	23.438	192	135	4	908	354	121	307	1.08e-13	70.9
TRINITY_DN27715_c0_g6_i1_1141467.2_98_100_2_0_1_100_209_110_1.98E-43_174	tr|A0A060YJT7|A0A060YJT7_ONCMY	42.623	61	35	0	533	351	194	254	1.20e-11	64.7
TRINITY_DN27715_c0_g6_i1_1141467.2_98_100_2_0_1_100_209_110_1.98E-43_174	tr|B9EN30|B9EN30_SALSA	42.373	59	34	0	527	351	199	257	3.77e-11	63.2
TRINITY_DN27715_c0_g6_i1_1141467.2_98_100_2_0_1_100_209_110_1.98E-43_174	tr|B9EMM4|B9EMM4_SALSA	42.623	61	35	0	533	351	206	266	4.53e-11	63.2
TRINITY_DN27715_c0_g6_i1_1141467.2_98_100_2_0_1_100_209_110_1.98E-43_174	tr|A0A060XBX7|A0A060XBX7_ONCMY	45.283	53	29	0	509	351	208	260	8.80e-10	59.3
TRINITY_DN27715_c0_g6_i1_1141467.2_98_100_2_0_1_100_209_110_1.98E-43_174	tr|A0A060X822|A0A060X822_ONCMY	45.283	53	29	0	509	351	208	260	1.01e-09	58.9
TRINITY_DN27715_c0_g6_i1_1141467.2_98_100_2_0_1_100_209_110_1.98E-43_174	tr|A0A060YE42|A0A060YE42_ONCMY	84.211	19	3	0	761	705	2	20	9.84e-09	39.7
TRINITY_DN27715_c0_g6_i1_1141467.2_98_100_2_0_1_100_209_110_1.98E-43_174	tr|A0A060YE42|A0A060YE42_ONCMY	74.194	31	8	0	670	578	22	52	9.84e-09	38.5
TRINITY_DN27715_c0_g6_i1_1141467.2_98_100_2_0_1_100_209_110_1.98E-43_174	tr|A0A060XD66|A0A060XD66_ONCMY	43.137	51	29	0	503	351	214	264	1.23e-08	55.8
TRINITY_DN27715_c0_g6_i1_1141467.2_98_100_2_0_1_100_209_110_1.98E-43_174	tr|B9EL16|B9EL16_SALSA	40.816	49	29	0	497	351	134	182	1.23e-07	52.0
TRINITY_DN27715_c0_g6_i1_1141467.2_98_100_2_0_1_100_209_110_1.98E-43_174	tr|A0A060YZL3|A0A060YZL3_ONCMY	28.571	84	56	2	908	669	69	152	0.002	39.3
TRINITY_DN27715_c0_g6_i1_1141467.2_98_100_2_0_1_100_209_110_1.98E-43_174	tr|A0A060W624|A0A060W624_ONCMY	93.333	15	1	0	908	864	168	182	0.056	35.0
TRINITY_DN27715_c0_g6_i1_1141467.2_98_100_2_0_1_100_209_110_1.98E-43_174	tr|A0A060XBY7|A0A060XBY7_ONCMY	23.077	130	87	5	734	348	331	448	0.33	33.5
TRINITY_DN27715_c0_g6_i1_1141467.2_98_100_2_0_1_100_209_110_1.98E-43_174	tr|A0A060XY07|A0A060XY07_ONCMY	42.857	35	17	2	767	663	7	38	2.1	30.8
TRINITY_DN27715_c0_g6_i1_1141467.2_98_100_2_0_1_100_209_110_1.98E-43_174	tr|A0A060Z641|A0A060Z641_ONCMY	30.909	55	33	1	505	341	39	88	3.4	28.5
TRINITY_DN27715_c0_g6_i1_1141467.2_98_100_2_0_1_100_209_110_1.98E-43_174	tr|A0A060X3Q1|A0A060X3Q1_ONCMY	45.161	31	17	0	398	490	903	933	4.4	30.0
TRINITY_DN27715_c0_g6_i1_1141467.2_98_100_2_0_1_100_209_110_1.98E-43_174	tr|A0A060WBE1|A0A060WBE1_ONCMY	30.000	110	45	4	299	547	59	163	6.1	29.3
TRINITY_DN27715_c0_g6_i1_1141467.2_98_100_2_0_1_100_209_110_1.98E-43_174	tr|A0A060XSC6|A0A060XSC6_ONCMY	35.484	31	20	0	680	588	254	284	7.4	29.3
TRINITY_DN27715_c0_g1_i2_1141467.2_98_100_2_0_1_100_209_110_1.98E-43_174	tr|B5DGE8|B5DGE8_SALSA	98.947	190	2	0	902	333	251	440	2.44e-139	401
TRINITY_DN27715_c0_g1_i2_1141467.2_98_100_2_0_1_100_209_110_1.98E-43_174	tr|B5DH02|B5DH02_SALSA	96.842	190	6	0	902	333	251	440	1.59e-136	394
TRINITY_DN27715_c0_g1_i2_1141467.2_98_100_2_0_1_100_209_110_1.98E-43_174	tr|B5DH01|B5DH01_SALSA	96.842	190	6	0	902	333	251	440	1.96e-136	394
TRINITY_DN27715_c0_g1_i2_1141467.2_98_100_2_0_1_100_209_110_1.98E-43_174	sp|P30436|TBA_ONCKE	96.842	190	6	0	902	333	251	440	2.02e-136	394
TRINITY_DN27715_c0_g1_i2_1141467.2_98_100_2_0_1_100_209_110_1.98E-43_174	tr|Q98TS1|Q98TS1_ONCNE	95.789	190	8	0	902	333	251	440	9.61e-136	392
TRINITY_DN27715_c0_g1_i2_1141467.2_98_100_2_0_1_100_209_110_1.98E-43_174	tr|B5XFE9|B5XFE9_SALSA	96.316	190	7	0	902	333	251	440	1.41e-135	392
TRINITY_DN27715_c0_g1_i2_1141467.2_98_100_2_0_1_100_209_110_1.98E-43_174	tr|A0A060VW86|A0A060VW86_ONCMY	94.737	190	10	0	902	333	210	399	2.99e-135	389
TRINITY_DN27715_c0_g1_i2_1141467.2_98_100_2_0_1_100_209_110_1.98E-43_174	tr|C0PU76|C0PU76_SALSA	94.737	190	10	0	902	333	232	421	8.50e-135	389
TRINITY_DN27715_c0_g1_i2_1141467.2_98_100_2_0_1_100_209_110_1.98E-43_174	tr|C0HA00|C0HA00_SALSA	96.842	190	6	0	902	333	375	564	2.33e-134	393
TRINITY_DN27715_c0_g1_i2_1141467.2_98_100_2_0_1_100_209_110_1.98E-43_174	sp|P18288|TBAT_ONCMY	94.211	190	11	0	902	333	251	440	5.93e-134	387
TRINITY_DN27715_c0_g1_i2_1141467.2_98_100_2_0_1_100_209_110_1.98E-43_174	tr|A0A060WLR9|A0A060WLR9_ONCMY	93.122	189	13	0	902	336	236	424	7.44e-133	384
TRINITY_DN27715_c0_g1_i2_1141467.2_98_100_2_0_1_100_209_110_1.98E-43_174	tr|A0A060WVV4|A0A060WVV4_ONCMY	89.947	189	19	0	902	336	265	453	1.01e-127	372
TRINITY_DN27715_c0_g1_i2_1141467.2_98_100_2_0_1_100_209_110_1.98E-43_174	tr|B5X0S5|B5X0S5_SALSA	89.947	189	19	0	902	336	252	440	1.33e-127	371
TRINITY_DN27715_c0_g1_i2_1141467.2_98_100_2_0_1_100_209_110_1.98E-43_174	tr|A0A060ZHQ2|A0A060ZHQ2_ONCMY	81.053	190	2	1	902	333	216	371	5.85e-105	311
TRINITY_DN27715_c0_g1_i2_1141467.2_98_100_2_0_1_100_209_110_1.98E-43_174	tr|A0A060WER4|A0A060WER4_ONCMY	80.000	190	10	2	902	333	201	362	9.51e-105	310
TRINITY_DN27715_c0_g1_i2_1141467.2_98_100_2_0_1_100_209_110_1.98E-43_174	tr|A0A060WX95|A0A060WX95_ONCMY	80.000	190	4	1	902	333	216	371	1.79e-104	310
TRINITY_DN27715_c0_g1_i2_1141467.2_98_100_2_0_1_100_209_110_1.98E-43_174	tr|A0A060Y4G7|A0A060Y4G7_ONCMY	97.122	139	4	0	749	333	1	139	2.75e-99	288
TRINITY_DN27715_c0_g1_i2_1141467.2_98_100_2_0_1_100_209_110_1.98E-43_174	tr|A0A060VUH0|A0A060VUH0_ONCMY	96.403	139	5	0	749	333	1	139	7.63e-99	287
TRINITY_DN27715_c0_g1_i2_1141467.2_98_100_2_0_1_100_209_110_1.98E-43_174	tr|A0A060X3T9|A0A060X3T9_ONCMY	76.216	185	4	1	890	336	224	368	5.78e-95	286
TRINITY_DN27715_c0_g1_i2_1141467.2_98_100_2_0_1_100_209_110_1.98E-43_174	tr|A0A060W4H1|A0A060W4H1_ONCMY	73.158	190	4	2	902	333	216	358	7.30e-90	272
TRINITY_DN27715_c0_g1_i2_1141467.2_98_100_2_0_1_100_209_110_1.98E-43_174	tr|A0A060X559|A0A060X559_ONCMY	70.899	189	6	2	902	336	278	417	4.95e-84	259
TRINITY_DN27715_c0_g1_i2_1141467.2_98_100_2_0_1_100_209_110_1.98E-43_174	tr|A0A060W2G0|A0A060W2G0_ONCMY	62.632	190	4	3	902	333	238	360	1.45e-67	215
TRINITY_DN27715_c0_g1_i2_1141467.2_98_100_2_0_1_100_209_110_1.98E-43_174	tr|A0A060Z9K5|A0A060Z9K5_ONCMY	94.805	77	4	0	902	672	216	292	1.04e-48	164
TRINITY_DN27715_c0_g1_i2_1141467.2_98_100_2_0_1_100_209_110_1.98E-43_174	tr|A0A060WL13|A0A060WL13_ONCMY	94.805	77	4	0	902	672	216	292	3.76e-48	164
TRINITY_DN27715_c0_g1_i2_1141467.2_98_100_2_0_1_100_209_110_1.98E-43_174	tr|B5X0U5|B5X0U5_SALSA	36.413	184	109	1	902	351	249	424	4.50e-41	148
TRINITY_DN27715_c0_g1_i2_1141467.2_98_100_2_0_1_100_209_110_1.98E-43_174	tr|B5X3H7|B5X3H7_SALSA	36.413	184	109	1	902	351	249	424	5.16e-41	148
TRINITY_DN27715_c0_g1_i2_1141467.2_98_100_2_0_1_100_209_110_1.98E-43_174	tr|A0A060XNT9|A0A060XNT9_ONCMY	36.413	184	109	1	902	351	249	424	5.54e-41	148
TRINITY_DN27715_c0_g1_i2_1141467.2_98_100_2_0_1_100_209_110_1.98E-43_174	tr|A0A060WK77|A0A060WK77_ONCMY	36.413	184	109	1	902	351	292	467	7.20e-41	148
TRINITY_DN27715_c0_g1_i2_1141467.2_98_100_2_0_1_100_209_110_1.98E-43_174	tr|A0A060WQF2|A0A060WQF2_ONCMY	36.413	184	109	1	902	351	252	427	7.55e-41	147
TRINITY_DN27715_c0_g1_i2_1141467.2_98_100_2_0_1_100_209_110_1.98E-43_174	tr|C0H808|C0H808_SALSA	35.870	184	110	1	902	351	249	424	8.71e-41	147
TRINITY_DN27715_c0_g1_i2_1141467.2_98_100_2_0_1_100_209_110_1.98E-43_174	tr|A0A060XV78|A0A060XV78_ONCMY	35.870	184	110	1	902	351	249	424	8.71e-41	147
TRINITY_DN27715_c0_g1_i2_1141467.2_98_100_2_0_1_100_209_110_1.98E-43_174	tr|A7KIJ4|A7KIJ4_SALSA	36.413	184	109	1	902	351	249	424	1.44e-40	147
TRINITY_DN27715_c0_g1_i2_1141467.2_98_100_2_0_1_100_209_110_1.98E-43_174	tr|C0H8A6|C0H8A6_SALSA	35.870	184	110	1	902	351	249	424	1.62e-40	147
TRINITY_DN27715_c0_g1_i2_1141467.2_98_100_2_0_1_100_209_110_1.98E-43_174	tr|A0A060X6Y9|A0A060X6Y9_ONCMY	35.870	184	110	1	902	351	249	424	1.67e-40	146
TRINITY_DN27715_c0_g1_i2_1141467.2_98_100_2_0_1_100_209_110_1.98E-43_174	tr|A0A060VX25|A0A060VX25_ONCMY	35.326	184	111	1	902	351	249	424	8.03e-40	145
TRINITY_DN27715_c0_g1_i2_1141467.2_98_100_2_0_1_100_209_110_1.98E-43_174	tr|C0HBL4|C0HBL4_SALSA	35.326	184	111	1	902	351	249	424	1.15e-39	144
TRINITY_DN27715_c0_g1_i2_1141467.2_98_100_2_0_1_100_209_110_1.98E-43_174	tr|A0A060XGB4|A0A060XGB4_ONCMY	35.326	184	111	1	902	351	249	424	1.15e-39	144
TRINITY_DN27715_c0_g1_i2_1141467.2_98_100_2_0_1_100_209_110_1.98E-43_174	tr|A0A060VMG6|A0A060VMG6_ONCMY	35.326	184	111	2	902	351	293	468	5.63e-38	140
TRINITY_DN27715_c0_g1_i2_1141467.2_98_100_2_0_1_100_209_110_1.98E-43_174	tr|A0A060Y7K1|A0A060Y7K1_ONCMY	35.326	184	111	1	902	351	255	430	1.03e-37	140
TRINITY_DN27715_c0_g1_i2_1141467.2_98_100_2_0_1_100_209_110_1.98E-43_174	tr|A0A060VUF9|A0A060VUF9_ONCMY	34.783	184	112	2	902	351	271	446	2.40e-37	138
TRINITY_DN27715_c0_g1_i2_1141467.2_98_100_2_0_1_100_209_110_1.98E-43_174	tr|Q8AWI2|Q8AWI2_ONCMY	96.721	61	2	0	902	720	132	192	8.65e-37	130
TRINITY_DN27715_c0_g1_i2_1141467.2_98_100_2_0_1_100_209_110_1.98E-43_174	tr|C3VPX6|C3VPX6_ONCTS	91.111	45	4	0	902	768	27	71	1.25e-24	95.1
TRINITY_DN27715_c0_g1_i2_1141467.2_98_100_2_0_1_100_209_110_1.98E-43_174	tr|A0A060WJ23|A0A060WJ23_ONCMY	29.570	186	120	3	902	348	282	457	1.13e-23	100
TRINITY_DN27715_c0_g1_i2_1141467.2_98_100_2_0_1_100_209_110_1.98E-43_174	tr|A0A060Y6W4|A0A060Y6W4_ONCMY	93.023	43	3	0	461	333	1	43	7.87e-22	87.0
TRINITY_DN27715_c0_g1_i2_1141467.2_98_100_2_0_1_100_209_110_1.98E-43_174	tr|A0A060Y0U5|A0A060Y0U5_ONCMY	22.632	190	135	4	902	354	123	307	2.53e-12	67.0
TRINITY_DN27715_c0_g1_i2_1141467.2_98_100_2_0_1_100_209_110_1.98E-43_174	tr|A0A060YJT7|A0A060YJT7_ONCMY	42.623	61	35	0	533	351	194	254	1.32e-11	64.3
TRINITY_DN27715_c0_g1_i2_1141467.2_98_100_2_0_1_100_209_110_1.98E-43_174	tr|B9EN30|B9EN30_SALSA	42.373	59	34	0	527	351	199	257	4.02e-11	63.2
TRINITY_DN27715_c0_g1_i2_1141467.2_98_100_2_0_1_100_209_110_1.98E-43_174	tr|B9EMM4|B9EMM4_SALSA	42.623	61	35	0	533	351	206	266	4.93e-11	62.8
TRINITY_DN27715_c0_g1_i2_1141467.2_98_100_2_0_1_100_209_110_1.98E-43_174	tr|A0A060XBX7|A0A060XBX7_ONCMY	45.283	53	29	0	509	351	208	260	9.77e-10	58.9
TRINITY_DN27715_c0_g1_i2_1141467.2_98_100_2_0_1_100_209_110_1.98E-43_174	tr|A0A060X822|A0A060X822_ONCMY	45.283	53	29	0	509	351	208	260	1.02e-09	58.9
TRINITY_DN27715_c0_g1_i2_1141467.2_98_100_2_0_1_100_209_110_1.98E-43_174	tr|A0A060YE42|A0A060YE42_ONCMY	84.211	19	3	0	761	705	2	20	9.36e-09	39.7
TRINITY_DN27715_c0_g1_i2_1141467.2_98_100_2_0_1_100_209_110_1.98E-43_174	tr|A0A060YE42|A0A060YE42_ONCMY	53.061	49	15	1	706	560	18	58	9.36e-09	38.5
TRINITY_DN27715_c0_g1_i2_1141467.2_98_100_2_0_1_100_209_110_1.98E-43_174	tr|A0A060XD66|A0A060XD66_ONCMY	43.137	51	29	0	503	351	214	264	1.33e-08	55.8
TRINITY_DN27715_c0_g1_i2_1141467.2_98_100_2_0_1_100_209_110_1.98E-43_174	tr|B9EL16|B9EL16_SALSA	40.816	49	29	0	497	351	134	182	1.36e-07	51.6
TRINITY_DN27715_c0_g1_i2_1141467.2_98_100_2_0_1_100_209_110_1.98E-43_174	tr|A0A060YZL3|A0A060YZL3_ONCMY	26.829	82	56	2	902	669	71	152	0.012	36.6
TRINITY_DN27715_c0_g1_i2_1141467.2_98_100_2_0_1_100_209_110_1.98E-43_174	tr|A0A060Z641|A0A060Z641_ONCMY	33.929	56	32	1	508	341	38	88	0.15	32.3
TRINITY_DN27715_c0_g1_i2_1141467.2_98_100_2_0_1_100_209_110_1.98E-43_174	tr|A0A060XBY7|A0A060XBY7_ONCMY	23.256	129	88	4	734	348	331	448	1.1	31.6
TRINITY_DN27715_c0_g1_i2_1141467.2_98_100_2_0_1_100_209_110_1.98E-43_174	tr|A0A060W624|A0A060W624_ONCMY	92.308	13	1	0	902	864	170	182	1.1	31.2
TRINITY_DN27715_c0_g1_i2_1141467.2_98_100_2_0_1_100_209_110_1.98E-43_174	tr|A0A060XY07|A0A060XY07_ONCMY	44.118	34	16	2	767	666	7	37	3.1	30.4
TRINITY_DN27715_c0_g1_i2_1141467.2_98_100_2_0_1_100_209_110_1.98E-43_174	tr|A0A060YX65|A0A060YX65_ONCMY	40.000	40	22	1	676	795	53	90	4.2	29.6
TRINITY_DN27715_c0_g1_i2_1141467.2_98_100_2_0_1_100_209_110_1.98E-43_174	tr|A0A060WEK7|A0A060WEK7_ONCMY	28.814	59	37	2	456	629	1915	1969	5.4	29.6
TRINITY_DN27715_c0_g1_i2_1141467.2_98_100_2_0_1_100_209_110_1.98E-43_174	tr|A0A060Y6R7|A0A060Y6R7_ONCMY	40.000	40	22	1	676	795	80	117	8.1	28.5
TRINITY_DN27715_c0_g1_i2_1141467.2_98_100_2_0_1_100_209_110_1.98E-43_174	tr|A0A060XVJ3|A0A060XVJ3_ONCMY	31.343	67	39	3	510	707	284	344	9.2	28.9
