AB026119.1	TRINITY_DN23019_c0_g1_i2	99.000	100	1	0	1	100	825	726	4.26e-45	180
AB026119.1	TRINITY_DN23019_c0_g1_i1	99.000	100	1	0	1	100	825	726	4.26e-45	180
AB026119.1	TRINITY_DN23019_c0_g2_i1	96.970	99	3	0	1	99	914	816	3.32e-41	167
AB196461.1	TRINITY_DN27220_c0_g1_i2	99.000	100	1	0	1	100	1824	1725	4.26e-45	180
AB218825.1	TRINITY_DN19115_c0_g1_i1	100.000	100	0	0	1	100	825	726	9.16e-47	185
AF302245.1	TRINITY_DN32037_c0_g1_i1	100.000	95	0	0	6	100	382	288	5.51e-44	176
AF405205.1	TRINITY_DN24654_c0_g1_i1	100.000	97	0	0	1	97	203	299	4.26e-45	180
AF465782.1	TRINITY_DN26707_c0_g1_i4	100.000	100	0	0	1	100	961	1060	9.16e-47	185
AF465782.1	TRINITY_DN26707_c0_g1_i1	100.000	100	0	0	1	100	925	1024	9.16e-47	185
AF465782.1	TRINITY_DN26707_c0_g1_i5	97.000	100	3	0	1	100	925	1024	9.23e-42	169
AF465782.1	TRINITY_DN26707_c0_g1_i3	97.000	100	3	0	1	100	942	1041	9.23e-42	169
AF465782.1	TRINITY_DN26707_c0_g1_i2	97.000	100	3	0	1	100	942	1041	9.23e-42	169
BK001403.1	TRINITY_DN26838_c1_g1_i3	100.000	100	0	0	1	100	623	722	9.16e-47	185
BK001403.1	TRINITY_DN26838_c1_g1_i2	100.000	100	0	0	1	100	350	449	9.16e-47	185
BK001403.1	TRINITY_DN26838_c1_g1_i1	100.000	100	0	0	1	100	623	722	9.16e-47	185
BT073167.1	TRINITY_DN14561_c0_g1_i2	97.000	100	3	0	1	100	543	444	9.23e-42	169
NM_001124265.1	TRINITY_DN27394_c1_g5_i5	98.000	100	2	0	1	100	572	671	1.98e-43	174
NM_001124265.1	TRINITY_DN27394_c1_g5_i4	90.000	100	10	0	1	100	1011	1110	4.35e-30	130
NM_001124265.1	TRINITY_DN27394_c1_g5_i1	90.000	100	10	0	1	100	999	1098	4.35e-30	130
NM_001124390.1	TRINITY_DN21423_c0_g1_i2	99.000	100	1	0	1	100	375	474	4.26e-45	180
NM_001124390.1	TRINITY_DN21423_c0_g1_i3	97.000	100	3	0	1	100	374	473	9.23e-42	169
NM_001124755.1	TRINITY_DN27225_c0_g1_i4	100.000	64	0	0	14	77	1100	1163	9.42e-27	119
NM_001124755.1	TRINITY_DN27225_c0_g1_i2	100.000	64	0	0	14	77	1242	1305	9.42e-27	119
NM_001124755.1	TRINITY_DN27225_c0_g1_i1	100.000	64	0	0	14	77	1128	1191	9.42e-27	119
NM_001124742.1	TRINITY_DN21245_c0_g1_i1	96.000	100	3	1	1	100	334	236	1.54e-39	161
EF551311.1	TRINITY_DN24598_c0_g1_i7	98.000	100	2	0	1	100	1427	1328	1.98e-43	174
EF551311.1	TRINITY_DN24598_c0_g1_i1	98.000	100	2	0	1	100	308	209	1.98e-43	174
EF551311.1	TRINITY_DN24598_c0_g1_i6	87.000	100	13	0	1	100	1706	1607	4.38e-25	113
EF551311.1	TRINITY_DN24598_c0_g1_i5	87.000	100	13	0	1	100	1427	1328	4.38e-25	113
EF551311.1	TRINITY_DN24598_c0_g1_i4	87.000	100	13	0	1	100	1427	1328	4.38e-25	113
EF551311.1	TRINITY_DN24598_c0_g1_i3	87.000	100	13	0	1	100	1427	1328	4.38e-25	113
EF551311.1	TRINITY_DN24598_c0_g1_i2	87.000	100	13	0	1	100	1706	1607	4.38e-25	113
NM_001124570.1	TRINITY_DN25438_c1_g1_i6	100.000	100	0	0	1	100	2363	2264	9.16e-47	185
NM_001124570.1	TRINITY_DN25438_c1_g1_i5	100.000	100	0	0	1	100	2363	2264	9.16e-47	185
NM_001124570.1	TRINITY_DN25438_c1_g1_i4	100.000	100	0	0	1	100	2363	2264	9.16e-47	185
NM_001124570.1	TRINITY_DN25438_c1_g1_i3	100.000	100	0	0	1	100	2363	2264	9.16e-47	185
NM_001124570.1	TRINITY_DN25438_c1_g1_i2	100.000	100	0	0	1	100	2451	2352	9.16e-47	185
NM_001124570.1	TRINITY_DN25438_c1_g1_i1	100.000	100	0	0	1	100	2363	2264	9.16e-47	185
NM_001160537.1	TRINITY_DN23155_c0_g2_i2	98.000	100	2	0	1	100	500	401	1.98e-43	174
NM_001160537.1	TRINITY_DN23155_c0_g2_i1	98.000	100	2	0	1	100	500	401	1.98e-43	174
NM_001124246.1	TRINITY_DN23887_c0_g1_i1	95.000	100	5	0	1	100	214	115	2.00e-38	158
NM_001124690.1	TRINITY_DN14604_c0_g1_i1	93.000	100	4	3	4	100	252	153	5.59e-34	143
NM_001124551.1	TRINITY_DN26142_c0_g4_i3	98.000	100	2	0	1	100	426	327	1.98e-43	174
NM_001124551.1	TRINITY_DN26142_c0_g2_i1	95.000	100	5	0	1	100	167	68	2.00e-38	158
NM_001124551.1	TRINITY_DN26142_c0_g5_i1	93.878	98	6	0	3	100	295	198	1.20e-35	148
NM_001124551.1	TRINITY_DN26142_c0_g4_i2	92.857	98	7	0	3	100	424	327	5.59e-34	143
NM_001160520.1	TRINITY_DN24483_c0_g2_i2	100.000	100	0	0	1	100	465	366	9.16e-47	185
NM_001160520.1	TRINITY_DN24483_c0_g2_i1	100.000	100	0	0	1	100	465	366	9.16e-47	185
NM_001124591.1	TRINITY_DN19651_c0_g1_i1	98.529	68	1	0	33	100	137	70	2.62e-27	121
NM_001124697.1	TRINITY_DN16889_c0_g1_i1	100.000	100	0	0	1	100	90	189	9.16e-47	185
JX683453.1	TRINITY_DN57264_c0_g1_i1	100.000	66	0	0	1	66	236	301	7.29e-28	122
KC679073.1	TRINITY_DN42465_c0_g1_i1	98.000	100	2	0	1	100	410	509	1.98e-43	174
NM_001160662.1	TRINITY_DN24567_c0_g2_i1	96.000	100	4	0	1	100	779	680	4.29e-40	163
NM_001160662.1	TRINITY_DN24567_c0_g2_i2	95.455	66	3	0	35	100	744	679	7.34e-23	106
NM_001124252.1	TRINITY_DN13107_c0_g1_i4	92.000	100	8	0	1	100	362	263	2.01e-33	141
NM_001124252.1	TRINITY_DN13107_c0_g1_i2	92.000	100	8	0	1	100	362	263	2.01e-33	141
NM_001124254.1	TRINITY_DN9639_c0_g1_i1	100.000	100	0	0	1	100	415	514	9.16e-47	185
NM_001124339.1	TRINITY_DN26371_c0_g2_i3	99.000	100	1	0	1	100	744	645	4.26e-45	180
NM_001124339.1	TRINITY_DN26371_c0_g2_i1	99.000	100	1	0	1	100	1971	1872	4.26e-45	180
NM_001124339.1	TRINITY_DN26371_c0_g2_i4	96.000	100	4	0	1	100	226	127	4.29e-40	163
NM_001124339.1	TRINITY_DN19669_c0_g2_i1	100.000	77	0	0	1	77	435	511	5.59e-34	143
NM_001124339.1	TRINITY_DN26371_c0_g3_i1	96.429	84	3	0	17	100	210	127	7.23e-33	139
NM_001124704.1	TRINITY_DN20361_c0_g1_i1	98.000	100	2	0	1	100	309	210	1.98e-43	174
NM_001124704.1	TRINITY_DN4565_c0_g1_i1	98.113	53	1	0	1	53	53	1	5.71e-19	93.5
NM_001124704.1	TRINITY_DN27606_c0_g1_i1	98.000	50	1	0	51	100	1	50	2.66e-17	87.9
NM_001171897.1	TRINITY_DN24715_c0_g2_i2	92.157	102	5	1	1	99	389	490	2.01e-33	141
NM_001171897.1	TRINITY_DN24715_c0_g2_i1	91.765	85	4	1	1	82	389	473	1.22e-25	115
XM_014167249.1	TRINITY_DN27715_c0_g5_i11	97.000	100	3	0	1	100	1156	1057	9.23e-42	169
XM_014167249.1	TRINITY_DN27715_c0_g5_i9	97.000	100	3	0	1	100	1156	1057	9.23e-42	169
XM_014167249.1	TRINITY_DN27715_c0_g5_i5	97.000	100	3	0	1	100	968	869	9.23e-42	169
XM_014167249.1	TRINITY_DN27715_c0_g5_i3	97.000	100	3	0	1	100	968	869	9.23e-42	169
XM_014167249.1	TRINITY_DN27715_c0_g5_i2	97.000	100	3	0	1	100	941	842	9.23e-42	169
XM_014167249.1	TRINITY_DN27715_c0_g5_i1	97.000	100	3	0	1	100	941	842	9.23e-42	169
XM_014155575.1	TRINITY_DN27594_c1_g2_i13	94.000	100	6	0	1	100	435	534	9.29e-37	152
XM_014155575.1	TRINITY_DN27594_c1_g2_i10	94.000	100	6	0	1	100	561	660	9.29e-37	152
XM_014155575.1	TRINITY_DN27594_c1_g2_i8	94.000	100	6	0	1	100	435	534	9.29e-37	152
XM_014155575.1	TRINITY_DN27594_c1_g2_i7	94.000	100	6	0	1	100	442	541	9.29e-37	152
XM_014155575.1	TRINITY_DN27594_c1_g2_i6	94.000	100	6	0	1	100	442	541	9.29e-37	152
XM_014155575.1	TRINITY_DN27594_c1_g2_i5	94.000	100	6	0	1	100	561	660	9.29e-37	152
XM_014155575.1	TRINITY_DN27594_c1_g2_i16	92.000	100	8	0	1	100	191	290	2.01e-33	141
XM_014155575.1	TRINITY_DN27594_c1_g2_i3	92.000	100	8	0	1	100	191	290	2.01e-33	141
XM_014155575.1	TRINITY_DN27594_c1_g2_i20	91.000	100	9	0	1	100	299	398	9.36e-32	135
XM_014155575.1	TRINITY_DN27594_c1_g2_i17	91.000	100	9	0	1	100	503	602	9.36e-32	135
XM_014155575.1	TRINITY_DN27594_c1_g2_i11	91.000	100	9	0	1	100	191	290	9.36e-32	135
XM_014155575.1	TRINITY_DN27594_c1_g2_i9	91.000	100	9	0	1	100	299	398	9.36e-32	135
XM_014155575.1	TRINITY_DN27594_c1_g2_i4	91.000	100	9	0	1	100	299	398	9.36e-32	135
XM_014155575.1	TRINITY_DN27594_c1_g2_i1	91.000	100	9	0	1	100	299	398	9.36e-32	135
XM_014177562.1	TRINITY_DN22637_c0_g1_i1	97.000	100	3	0	1	100	355	256	9.23e-42	169
XM_014177562.1	TRINITY_DN22637_c0_g1_i2	96.939	98	3	0	1	98	266	169	1.19e-40	165
XM_014185538.1	TRINITY_DN27895_c5_g7_i5	99.000	100	1	0	1	100	929	830	4.26e-45	180
XM_014185538.1	TRINITY_DN27895_c5_g7_i12	98.000	100	2	0	1	100	1044	945	1.98e-43	174
XM_014185538.1	TRINITY_DN27895_c5_g7_i11	98.000	100	2	0	1	100	1044	945	1.98e-43	174
XM_014185538.1	TRINITY_DN27895_c5_g7_i9	98.000	100	2	0	1	100	929	830	1.98e-43	174
XM_014185538.1	TRINITY_DN27895_c5_g7_i8	98.000	100	2	0	1	100	354	255	1.98e-43	174
XM_014185538.1	TRINITY_DN27895_c5_g7_i7	98.000	100	2	0	1	100	929	830	1.98e-43	174
XM_014185538.1	TRINITY_DN27895_c5_g7_i2	98.000	100	2	0	1	100	1044	945	1.98e-43	174
XM_014185538.1	TRINITY_DN27895_c5_g7_i1	98.000	100	2	0	1	100	1044	945	1.98e-43	174
XM_014185538.1	TRINITY_DN27895_c5_g7_i10	97.000	100	3	0	1	100	929	830	9.23e-42	169
XM_014185538.1	TRINITY_DN27895_c5_g7_i6	97.000	100	3	0	1	100	1044	945	9.23e-42	169
XM_014185538.1	TRINITY_DN27895_c5_g11_i1	94.681	94	5	0	1	94	94	1	4.32e-35	147
XM_014185538.1	TRINITY_DN18454_c0_g3_i1	96.610	59	2	0	42	100	280	222	1.23e-20	99.0
XM_014185538.1	TRINITY_DN27895_c5_g2_i1	100.000	34	0	0	1	34	34	1	4.48e-10	63.9
XM_014189962.1	TRINITY_DN21831_c0_g2_i1	98.000	100	1	1	1	100	507	409	7.13e-43	172
XM_014191725.1	TRINITY_DN13352_c0_g1_i1	88.991	109	2	1	2	100	538	646	5.63e-29	126
M18103.1	TRINITY_DN14883_c0_g2_i1	100.000	100	0	0	1	100	125	224	9.16e-47	185
M18103.1	TRINITY_DN41112_c0_g1_i1	96.774	93	3	0	1	93	52	144	7.18e-38	156
M18103.1	TRINITY_DN14883_c0_g1_i1	100.000	71	0	0	29	99	263	333	1.21e-30	132
M18103.1	TRINITY_DN14883_c0_g1_i1	100.000	28	0	0	1	28	125	152	9.70e-07	52.8
M18103.1	TRINITY_DN78229_c0_g1_i2	100.000	48	0	0	1	48	602	555	7.39e-18	89.8
NM_001124364.1	TRINITY_DN20847_c0_g6_i1	100.000	100	0	0	1	100	297	396	9.16e-47	185
NM_001124364.1	TRINITY_DN20847_c0_g2_i1	100.000	55	0	0	1	55	81	135	9.49e-22	102
NM_001141467.2	TRINITY_DN27715_c0_g6_i1	98.000	100	2	0	1	100	209	110	1.98e-43	174
NM_001141467.2	TRINITY_DN27715_c0_g1_i2	98.000	100	2	0	1	100	209	110	1.98e-43	174
NM_001124692.1	TRINITY_DN22721_c1_g1_i1	99.000	100	1	0	1	100	472	571	4.26e-45	180
Z68112.1	TRINITY_DN27555_c5_g8_i5	99.000	100	1	0	1	100	652	751	4.26e-45	180
Z68112.1	TRINITY_DN27555_c5_g8_i4	99.000	100	1	0	1	100	340	439	4.26e-45	180
Z68112.1	TRINITY_DN27555_c5_g8_i3	99.000	100	1	0	1	100	340	439	4.26e-45	180
Z68112.1	TRINITY_DN27555_c5_g8_i2	99.000	100	1	0	1	100	652	751	4.26e-45	180
Z68112.1	TRINITY_DN24433_c1_g1_i1	98.980	98	1	0	1	98	2768	2865	5.51e-44	176
Z68112.1	TRINITY_DN3077_c0_g1_i1	98.925	93	1	0	1	93	93	1	3.32e-41	167
Z68112.1	TRINITY_DN16348_c0_g1_i3	98.810	84	1	0	17	100	498	415	3.34e-36	150
Z68112.1	TRINITY_DN21784_c0_g1_i2	100.000	32	0	0	1	32	831	862	5.79e-09	60.2
