AB026119.1	gb|GDQG01023161.1|	100.000	100	0	0	1	100	861	762	5.16e-47	185
AB218825.1	gb|GDQG01015456.1|	100.000	100	0	0	1	100	3217	3118	5.16e-47	185
AF302245.1	gb|GDQG01033896.1|	100.000	100	0	0	1	100	313	214	5.16e-47	185
AF302245.1	gb|GDQG01033895.1|	92.000	100	8	0	1	100	313	214	1.13e-33	141
AF405205.1	gb|GDQG01026982.1|	98.000	100	2	0	1	100	563	464	1.12e-43	174
AF465782.1	gb|GDQG01015020.1|	100.000	100	0	0	1	100	971	1070	5.16e-47	185
NM_001124211.1	gb|GDQG01020925.1|	98.000	100	2	0	1	100	477	576	1.12e-43	174
BK001403.1	gb|GDQG01021789.1|	100.000	100	0	0	1	100	1150	1249	5.16e-47	185
BT073167.1	gb|GDQG01002398.1|	97.000	100	3	0	1	100	391	292	5.20e-42	169
NM_001124265.1	gb|GDQG01015112.1|	99.000	100	1	0	1	100	337	238	2.40e-45	180
NM_001124390.1	gb|GDQG01022323.1|	99.000	100	1	0	1	100	1294	1195	2.40e-45	180
NM_001124570.1	gb|GDQG01036080.1|	100.000	87	0	0	1	87	1207	1293	8.70e-40	161
NM_001124246.1	gb|GDQG01012379.1|	94.000	100	6	0	1	100	559	658	5.24e-37	152
NM_001124689.1	gb|GDQG01001461.1|	96.000	100	4	0	1	100	364	463	2.42e-40	163
NM_001124690.1	gb|GDQG01001461.1|	91.176	102	7	2	1	100	642	743	1.47e-32	137
NM_001124551.1	gb|GDQG01015861.1|	98.000	100	2	0	1	100	196	295	1.12e-43	174
NM_001160520.1	gb|GDQG01012914.1|	100.000	100	0	0	1	100	343	244	5.16e-47	185
NM_001124591.1	gb|GDQG01025154.1|	98.529	68	1	0	33	100	2791	2858	1.48e-27	121
NM_001160662.1	gb|GDQG01009117.1|	96.000	100	4	0	1	100	327	426	2.42e-40	163
NM_001124252.1	gb|GDQG01027582.1|	98.000	100	2	0	1	100	1627	1726	1.12e-43	174
NM_001124339.1	gb|GDQG01031813.1|	100.000	100	0	0	1	100	145	244	5.16e-47	185
NM_001124339.1	gb|GDQG01031811.1|	100.000	100	0	0	1	100	145	244	5.16e-47	185
NM_001124375.1	gb|GDQG01022209.1|	99.000	100	1	0	1	100	1096	1195	2.40e-45	180
NM_001124375.1	gb|GDQG01022208.1|	99.000	100	1	0	1	100	1102	1201	2.40e-45	180
NM_001124704.1	gb|GDQG01001478.1|	98.000	100	2	0	1	100	530	629	1.12e-43	174
XM_014167249.1	gb|GDQG01038898.1|	95.946	74	3	0	27	100	1226	1153	1.48e-27	121
XM_014155575.1	gb|GDQG01038384.1|	91.000	100	9	0	1	100	852	753	5.27e-32	135
XM_014155575.1	gb|GDQG01038383.1|	91.000	100	9	0	1	100	908	809	5.27e-32	135
XM_014185538.1	gb|GDQG01037585.1|	97.000	100	3	0	1	100	314	413	5.20e-42	169
XM_014191725.1	gb|GDQG01007327.1|	88.991	109	2	1	2	100	588	696	3.17e-29	126
XM_014191725.1	gb|GDQG01007326.1|	88.991	109	2	1	2	100	582	690	3.17e-29	126
NM_001124598.1	gb|GDQG01033759.1|	100.000	100	0	0	1	100	1795	1894	5.16e-47	185
NM_001124226.1	gb|GDQG01002702.1|	98.000	100	2	0	1	100	496	397	1.12e-43	174
NM_001124364.1	gb|GDQG01005568.1|	100.000	100	0	0	1	100	265	364	5.16e-47	185
NM_001124692.1	gb|GDQG01014386.1|	99.000	100	1	0	1	100	2696	2597	2.40e-45	180
Z68112.1	gb|GDQG01009158.1|	99.000	100	1	0	1	100	1161	1062	2.40e-45	180
